38
4
117
51
59
28
45
73
61
56
12
46
29
36
44
14
46
23
41
40
24
43
87
41
50
57
26
20
42
76
35
25
53
35
117
51
59
28
45
73
61
56
12
27
32
22
57
46
28
35
18
36
36
85
12
53
10
25
11
46
78
88
39
21
3
37
94
19
22
30
30
72
15
57
31
46
20
73
42
42
18
69
69
46
19
72
51
19
46
21
10
42
30
26
18
39
48
36
29
92
16
31
25
35
32
19
69
9
94
55
17
60
46
39
30
13
37
32
12
35
52
92
22
43
74
30
7
79
35
170
58
23
40
70
11
27
37
40
12
14
53
33
26
41
28
25
41
11
33
30
101
9
20
49
37
21
20
17
56
23
40
50
40
37
20
38
5
131
133
15
66
31
83
75
48
10
48
53
43
45
73
28
24
53
96
37
7
17
16
16
22
125
45
14
50
35
26
99
45
40
49
26
33
47
11
96
18
17
44
9
14
39
67
24
102
47
42
51
73
62
54
24
48
30
95
36
10
7
24
44
22
29
32
46
11
42
33
17
54
37
30
56
12
20
21
34
27
42
46
2
11
32
56
144
26
41
11
18
2
103
30
24
44
23
44
157
23
33
26
33
160
55
47
40
25
34
59
11
30
20
18
12
16
34
44
88
45
6
11
50
30
64
60
42
34
153
37
45
34
73
96
11
13
46
117
46
42
43
43
10
119
14
17
12
38
88
55
33
128
25
10
126
40
84
20
49
79
33
21
30
113
64
96
42
29
34
58
36
23
26
30
58
10
32
64
9
13
17
12
40
18
32
56
79
0
37
12
25
37
33
34
51
21
183
12
16
16
26
37
39
79
45
10
50
34
79
22
13
41
56
67
22
62
33
51
45
117
84
61
66
18
7
59
21
61
23
59
47
61
46
40
33
50
30
6
41
53
31
62
127
113
50
81
52
38
42
17
49
32
79
29
63
25
55
66
31
21
40
36
20
95
24
57
59
60
42
22
37
93
67
14
28
72
30
43
57
63
57
33
12
54
36
24
47
55
58
61
102
33
39
46
59
97
16
36
9
87
2
5
36
24
33
20
7
35
45
23
20
48
21
53
26
12
39
36
36
18
12
55
34
34
55
21
23
9
11
49
29
60
31
21
37
4
53
46
49
84
66
13
39
56
55
20
77
36
21
101
66
108
51
38
34
11
119
70
81
87
31
11
45
18
135
27
70
46
46
39
26
44
35
17
43
26
31
28
68
23
130
141
73
33
46
35
32
86
11
52
41
89
46
37
48
41
93
27
5
65
25
36
13
14
20
19
64
65
72
37
47
18
47
46
50
56
23
38
48
16
47
21
17
92
70
152
33
31
148
43
36
10
13
41
111
24
8
33
6
113
34
54
17
36
60
40
75
33
3
84
38
44
24
46
20
58
110
40
33
70
128
8
70
239
52
83
30
98
28
64
28
14
49
161
48
27
34
29
95
13
92
39
16
13
35
45
27
27
49
57
66
31
12
77
15
29
36
52
7
43
23
40
19
58
19
17
50
122
44
33
33
59
34
21
47
32
18
36
72
40
41
8
107
45
53
56
3
63
15
24
26
57
41
11
46
22
14
65
16
13
60
32
27
19
5
61
31
69
22
39
27
72
14
87
7
47
16
53
36
36
48
16
116
46
45
47
54
22
75
14
14
35
49
30
29
5
14
63
21
47
38
33
57
47
28
14
54
40
84
61
42
49
39
18
49
181
60
60
39
102
25
63
24
31
21
55
40
24
35
37
20
11
40
19
3
84
46
91
46
84
33
70
19
26
26
10
51
17
112
46
64
14
66
49
3
43
52
49
68
26
28
52
18
47
25
93
36
13
22
17
18
61
16
145
52
37
33
21
69
39
7
106
70
37
49
105
47
53
11
22
52
29
86
71
24
46
112
25
44
34
89
76
47
91
127
60
11
44
184
16
3
48
20
6
24
49
31
60
42
35
25
35
64
177
56
29
23
26
40
43
28
45
12
34
16
81
44
5
27
76
52
11
41
27
29
35
70
33
117
52
29
23
31
35
17
64
43
12
5
29
3
64
50
32
2
10
37
108
47
30
29
18
211
36
40
51
38
67
45
58
29
36
41
97
12
32
37
5
40
35
76
21
9
34
3
93
27
41
26
41
74
36
32
17
9
109
20
73
16
21
31
30
44
35
46
29
34
98
76
47
42
29
32
33
28
84
32
35
35
49
26
113
32
2
14
37
76
57
56
95
25
79
139
46
20
65
55
44
9
30
34
36
107
28
47
80
22
8
31
27
12
34
71
35
11
61
34
41
72
28
47
76
50
5
36
17
36
28
47
49
50
59
29
22
50
64
59
14
55
42
26
47
26
27
22
100
16
62
58
24
5
37
117
33
11
12
23
58
9
46
42
20
106
137
15
22
97
13
31
32
23
12
38
21
34
41
21
57
24
34
45
38
68
78
14
69
2
11
56
31
78
37
127
33
28
32
61
59
91
48
43
21
48
47
93
12
28
33
42
21
174
294
16
56
26
94
80
30
30
15
35
32
50
21
5
29
86
8
26
119
15
57
36
38
2
36
30
35
31
14
15
12
51
146
201
110
31
100
10
51
48
34
37
25
50
153
34
19
38
86
62
55
32
60
43
55
65
50
21
47
37
67
28
67
6
19
58
110
25
35
29
10
14
68
35
57
179
30
25
21
16
43
25
33
85
20
109
42
46
26
90
66
52
21
24
33
24
36
88
45
33
31
25
41
53
40
40
56
37
26
48
81
10
21
45
53
30
13
73
48
40
27
18
13
17
36
40
28
19
48
53
21
57
73
37
50
148
22
39
35
29
79
52
28
29
12
20
38
18
5
24
32
37
15
96
17
21
23
57
12
46
48
4
61
25
54
32
49
25
18
26
33
58
14
58
14
112
26
64
19
52
64
14
29
50
4
33
23
20
32
25
129
52
23
55
32
62
19
35
76
29
37
65
26
23
11
220
58
25
23
49
61
54
59
53
18
50
30
17
13
20
118
56
98
31
21
78
36
117
50
56
48
43
34
16
11
24
24
20
40
3
113
12
198
45
18
93
18
40
7
37
26
63
29
83
45
18
15
41
195
49
42
21
33
14
9
15
66
50
16
68
6
21
10
31
63
133
11
16
38
122
32
64
49
40
42
4
42
11
3
75
24
17
51
149
28
70
32
65
44
32
65
37
102
49
40
107
16
61
38
44
34
46
20
16
48
34
110
31
46
81
51
15
99
33
2
32
60
4
11
28
47
26
54
4
14
17
36
19
78
41
84
4
25
21
19
74
15
22
97
28
57
43
40
13
38
47
5
36
14
35
13
7
32
54
52
29
74
32
56
25
56
40
34
61
30
54
19
55
32
62
36
57
39
36
14
31
47
7
71
37
56
20
29
182
145
87
88
70
28
84
36
18
51
48
137
22
104
47
46
97
46
11
32
28
27
66
20
20
44
31
62
40
24
38
12
26
34
113
27
39
54
40
35
63
21
85
18
29
35
125
99
35
32
50
107
28
48
24
29
9
43
30
48
71
24
51
30
167
38
25
33
23
127
85
29
56
34
37
28
6
17
13
10
62
35
33
56
32
50
19
61
47
29
41
43
23
15
49
36
43
34
27
25
58
51
39
41
49
31
34
22
38
46
45
16
103
41
154
14
22
12
28
35
14
15
30
22
49
20
23
44
30
46
68
17
62
22
39
12
13
39
26
32
24
62
58
43
9
13
40
7
70
94
33
41
19
44
38
32
61
198
16
134
76
19
51
24
21
39
43
38
25
17
38
45
4
110
39
15
20
29
11
38
28
34
12
44
30
43
12
26
23
20
53
57
68
21
17
23
20
28
88
22
24
42
15
188
44
56
48
24
42
66
105
44
34
32
24
93
17
42
10
63
14
136
21
80
153
29
4
27
17
45
10
20
52
189
13
56
88
62
32
69
83
113
39
34
28
37
17
27
3
12
13
22
88
67
38
18
32
146
43
75
31
35
33
0
27
53
22
22
28
71
28
144
105
46
90
65
156
28
44
54
49
35
25
58
32
11
55
54
8
21
60
37
198
11
14
129
13
45
123
22
54
35
49
109
20
84
10
133
56
40
43
10
24
49
40
62
44
40
24
66
89
27
62
23
37
54
57
71
61
38
60
56
68
52
31
35
56
14
40
48
68
36
73
27
35
62
43
10
47
22
10
19
62
16
33
57
102
49
15
53
74
20
11
89
98
26
48
48
34
7
32
22
19
5
50
67
18
66
13
48
67
20
55
23
57
18
53
19
43
221
24
53
118
39
49
0
69
120
30
127
38
3
38
74
28
45
71
30
74
29
37
11
89
24
69
130
13
35
70
70
18
22
16
35
35
46
13
11
9
10
9
114
61
22
26
42
81
7
35
2
36
21
90
24
27
32
27
16
17
30
31
79
45
26
87
31
7
24
103
33
65
25
31
132
47
23
81
64
47
46
73
24
9
25
79
38
5
54
52
37
66
19
35
27
27
17
43
58
71
24
46
11
22
21
21
39
30
19
66
46
44
39
143
5
27
34
26
9
13
32
10
21
54
72
20
23
97
47
23
10
36
36
97
56
37
50
174
14
24
36
109
18
39
37
56
30
33
71
7
25
27
51
34
70
28
33
28
8
41
31
33
33
24
21
45
37
124
59
55
36
53
44
40
46
23
74
49
45
32
67
22
31
9
18
31
68
3
76
22
0
54
12
43
131
84
57
35
34
3
47
23
53
46
38
44
28
26
38
4
62
37
52
135
45
9
157
168
63
33
8
82
38
15
32
130
15
46
52
61
72
55
62
36
29
22
44
55
47
41
102
62
67
18
70
38
34
50
17
49
51
56
37
32
38
59
12
11
68
22
25
23
41
20
34
45
88
20
57
25
58
85
40
105
85
65
29
45
47
96
18
62
37
219
79
28
35
51
17
38
56
50
35
15
262
21
10
37
40
22
48
40
24
43
39
24
13
39
38
51
87
51
31
85
54
33
99
52
30
35
34
37
43
52
25
157
29
33
9
43
47
95
68
32
22
31
50
88
75
68
18
47
67
69
22
40
2
92
12
108
23
14
30
21
33
38
51
82
33
86
11
76
36
11
46
11
31
43
48
7
33
67
64
15
55
48
34
32
36
54
69
216
101
71
13
77
63
43
53
26
56
50
51
31
67
56
32
50
47
14
16
30
38
16
70
21
22
89
15
41
58
50
67
42
95
33
19
24
48
28
40
24
71
5
110
33
20
11
10
21
18
11
40
22
41
35
14
38
61
41
32
47
59
100
27
28
30
108
25
26
29
14
14
29
60
10
15
44
98
43
9
47
54
28
78
70
22
83
60
192
34
27
11
28
134
68
47
24
40
50
36
18
42
34
36
48
31
19
51
45
57
59
13
29
23
33
35
120
15
38
46
63
35
51
9
64
41
46
87
15
27
57
34
65
23
35
37
35
231
145
35
38
18
57
49
6
19
30
54
11
21
80
68
26
37
61
80
75
27
40
24
21
59
33
15
13
27
19
4
30
34
7
24
28
145
6
46
26
51
165
34
18
30
38
44
12
82
37
10
20
45
46
56
15
21
95
37
40
34
12
27
38
22
31
42
46
30
25
40
92
48
34
97
45
12
35
24
4
10
57
24
18
85
24
88
60
40
56
89
15
45
26
11
64
12
46
104
29
41
35
16
53
35
25
63
12
25
23
51
32
32
31
30
41
63
35
35
113
22
13
17
20
92
93
239
27
41
32
129
23
21
22
17
37
37
29
65
28
29
18
22
12
39
23
100
11
26
37
55
65
23
94
56
14
29
18
41
49
113
16
28
104
3
31
20
132
14
42
35
11
14
40
49
30
114
47
96
42
40
11
44
24
20
27
38
81
27
49
45
35
33
44
51
28
95
107
34
51
29
8
20
15
35
27
71
37
36
53
23
22
18
18
155
38
21
41
57
5
43
40
37
22
63
61
31
30
46
18
34
10
45
32
24
21
16
32
23
15
60
36
50
12
24
7
53
26
24
64
15
47
54
63
79
12
92
33
60
30
91
21
20
20
39
34
32
29
111
31
25
29
141
38
2
49
53
15
56
16
89
10
25
93
37
18
10
55
28
28
18
75
5
62
24
65
48
41
19
39
20
21
55
26
51
35
25
23
38
42
42
20
65
24
23
30
50
59
40
26
20
44
102
50
34
31
90
41
23
15
48
64
79
19
138
43
56
78
46
21
108
67
87
9
34
18
29
6
55
16
17
25
51
34
22
31
46
91
12
106
31
18
75
14
21
27
37
76
43
48
37
18
56
122
36
37
40
37
27
16
42
22
36
29
62
53
29
208
39
29
24
27
94
82
89
19
15
22
22
19
23
49
23
103
5
23
27
40
22
51
43
52
28
4
18
12
35
23
43
16
71
22
88
146
28
2
22
18
139
47
80
24
24
25
34
26
29
92
33
22
12
19
50
21
18
36
56
107
24
51
39
107
32
35
37
23
100
40
27
49
85
26
77
18
11
43
38
34
39
49
19
36
62
20
29
37
28
20
25
115
17
22
36
97
38
48
17
17
56
34
59
83
51
58
33
17
64
52
47
43
65
119
31
24
25
99
20
41
24
66
13
61
19
88
76
142
12
43
25
15
52
61
48
24
29
17
37
17
43
13
13
62
49
2
103
54
32
23
31
20
71
20
23
21
64
21
72
66
38
12
23
11
93
27
17
73
59
67
27
86
23
53
37
39
23
44
18
77
11
26
30
47
126
46
42
44
68
24
47
13
33
45
45
33
28
19
25
38
40
16
44
30
75
227
31
30
47
55
94
31
69
51
27
27
26
29
92
2
48
8
44
16
35
7
43
36
22
61
29
52
62
22
56
29
57
48
67
40
51
62
12
25
13
35
42
4
86
87
52
11
37
31
74
12
54
22
14
49
56
27
44
76
24
56
23
50
27
27
30
46
31
30
11
52
20
71
83
53
20
54
12
38
31
86
60
29
106
94
33
28
26
63
57
4
10
58
40
35
30
74
53
41
16
74
75
13
57
89
30
18
65
22
21
73
83
28
39
36
13
16
40
47
18
26
40
10
40
20
129
23
14
27
31
18
34
32
64
20
62
3
37
22
34
22
76
18
38
66
14
22
11
74
20
10
28
41
81
43
13
13
12
27
58
8
43
34
56
35
93
24
15
3
146
55
32
42
28
58
51
111
61
40
24
64
41
21
64
4
74
21
81
5
19
64
85
51
69
39
14
182
128
58
87
18
44
31
80
31
11
49
22
91
71
66
33
39
30
62
35
23
4
22
41
28
112
46
18
179
30
27
50
42
2
43
44
33
126
34
34
36
36
35
24
81
14
18
53
19
21
43
5
25
27
39
6
34
34
61
34
77
71
35
98
86
51
37
54
27
16
68
26
20
78
54
30
236
54
80
31
32
71
33
38
27
6
89
26
33
34
26
38
33
41
50
69
29
19
60
42
22
65
57
33
7
25
28
25
71
25
19
9
137
59
13
47
13
17
130
40
48
52
123
35
12
15
17
25
71
44
46
48
39
45
37
22
33
38
11
57
106
52
111
22
26
35
35
22
71
17
68
59
39
27
174
88
11
33
23
54
16
53
67
10
25
63
18
40
184
44
40
55
38
54
134
7
55
30
39
38
51
38
109
42
158
36
64
15
32
16
37
12
22
68
11
37
54
28
12
83
36
37
12
54
27
21
32
29
14
23
64
0
30
18
13
32
70
21
37
17
19
29
10
96
6
48
51
70
54
110
115
43
58
46
30
22
33
14
33
31
48
28
14
42
16
45
46
44
5
94
64
17
44
23
29
52
75
27
37
41
27
20
112
10
11
29
92
43
45
26
77
42
0
60
29
166
59
11
58
29
23
25
91
27
62
53
30
52
31
12
18
72
12
15
64
85
16
51
25
27
16
14
32
58
8
47
59
27
22
10
30
34
60
11
17
49
32
17
50
5
26
56
13
17
20
33
42
34
16
71
44
41
38
4
30
159
60
42
11
15
54
24
30
29
67
36
72
10
44
21
29
37
47
17
85
36
51
25
97
45
53
34
30
46
32
22
30
32
67
34
100
58
16
17
19
28
22
31
26
7
66
52
73
31
13
69
38
78
31
5
7
63
34
33
17
15
31
57
50
60
47
16
32
13
90
31
31
9
56
26
102
38
46
22
46
16
82
3
25
27
20
57
58
108
61
45
46
33
37
73
69
21
59
117
47
20
51
47
17
31
14
71
43
21
60
50
18
56
30
50
53
29
34
39
87
30
68
22
60
36
76
78
47
16
55
18
21
66
3
26
55
25
38
35
37
49
39
20
56
27
48
28
70
12
49
56
168
106
9
38
19
101
24
42
5
49
75
112
11
72
60
34
56
23
10
65
36
65
33
34
44
24
80
28
48
11
27
14
58
39
36
76
36
68
30
18
4
64
58
44
163
9
28
112
15
61
37
12
68
37
26
19
84
40
27
26
41
31
52
41
43
55
14
36
9
37
128
20
30
34
30
30
22
19
149
18
9
35
40
31
173
5
31
45
16
7
52
35
41
60
40
14
153
14
27
4
43
44
52
23
21
47
65
125
15
31
27
36
121
40
23
42
52
14
92
18
42
49
66
25
92
34
18
3
108
15
51
38
19
55
17
29
44
58
29
52
154
39
54
20
16
19
7
53
27
31
45
25
82
33
32
59
63
31
22
68
18
43
6
32
55
43
19
27
40
23
114
38
115
15
3
59
79
79
4
32
81
20
11
100
35
25
56
48
35
14
49
58
35
48
43
32
19
64
7
50
19
21
17
30
52
27
125
89
45
14
15
17
11
63
58
31
36
40
87
39
61
43
9
43
14
49
21
18
26
54
83
45
45
37
104
24
35
23
46
35
41
42
69
26
86
16
40
51
56
65
25
43
60
58
7
42
5
55
25
28
36
54
20
20
35
54
46
57
11
34
12
16
41
33
37
28
109
67
30
23
18
67
88
51
16
27
47
9
44
86
84
80
42
127
27
80
44
32
3
37
28
133
53
16
12
44
2
14
20
25
16
49
79
46
63
22
20
29
16
87
56
25
44
14
37
43
31
26
41
47
49
88
70
16
71
29
23
26
28
59
94
93
37
29
63
85
34
12
22
42
64
30
31
60
43
47
42
107
36
40
24
47
39
24
71
32
56
121
22
67
51
9
93
78
48
67
36
37
109
23
11
20
37
185
79
11
24
11
28
67
43
50
100
73
52
33
36
0
42
28
42
12
14
31
40
113
25
34
48
66
13
34
39
116
46
51
12
31
60
24
46
20
75
69
24
30
31
18
55
22
44
51
30
76
7
77
54
17
432
45
89
33
40
30
12
25
93
33
27
3
15
27
43
15
58
32
37
42
90
105
14
71
18
4
11
12
52
134
40
12
20
15
59
10
25
49
52
32
46
40
6
51
19
36
81
60
80
149
90
30
13
73
43
15
15
17
30
11
35
120
48
12
16
24
31
70
39
29
54
107
32
17
11
64
23
13
37
28
7
74
24
20
17
31
16
23
14
28
51
30
68
40
112
27
14
15
60
48
26
40
23
46
37
96
50
37
60
24
20
13
93
37
67
43
37
18
27
70
53
81
22
5
26
64
39
48
29
41
35
20
26
14
18
59
25
40
63
28
27
49
32
19
38
17
15
6
38
17
113
17
27
32
31
20
2
39
34
28
85
39
116
85
39
23
68
31
41
31
40
6
14
39
157
13
11
14
123
7
29
17
36
8
62
21
40
9
37
24
35
155
34
32
40
80
100
20
26
20
31
69
26
52
32
46
30
12
295
12
34
21
3
27
46
56
46
3
20
113
44
15
84
63
40
49
38
70
17
84
32
46
59
37
32
29
7
59
44
117
29
29
60
38
11
4
23
28
67
71
25
24
47
135
25
51
81
30
19
22
50
88
36
78
13
9
33
11
13
34
66
46
62
22
22
42
77
53
29
49
67
15
30
147
141
14
23
110
74
42
116
40
45
19
72
81
32
34
18
21
76
124
25
42
100
65
25
26
53
31
14
15
83
19
28
71
27
43
47
27
32
18
14
40
79
13
40
32
73
22
32
25
38
58
32
13
49
0
309
14
57
27
17
81
105
2
12
27
99
35
3
33
38
35
45
77
16
16
29
8
37
372
42
42
33
52
34
28
26
25
63
40
19
50
39
40
36
26
24
20
54
10
54
4
63
20
23
78
54
54
24
18
45
21
58
54
27
60
24
45
31
34
117
53
88
15
131
30
32
30
19
21
9
53
5
36
82
32
6
24
83
38
44
52
39
38
62
39
31
76
21
69
95
52
31
43
7
38
46
19
11
145
50
35
24
78
48
47
58
42
61
47
20
72
19
80
77
33
79
86
106
33
72
37
86
13
2
38
30
35
70
74
29
6
21
33
50
84
42
13
14
27
83
34
14
48
34
37
18
37
88
26
3
37
64
106
18
82
38
12
50
95
44
67
18
26
54
35
49
32
46
36
136
22
38
27
42
43
18
25
58
77
31
16
22
13
34
97
126
45
115
28
61
134
51
20
22
122
133
33
48
32
49
41
41
21
32
36
0
36
34
10
35
28
23
67
112
109
26
25
40
45
12
60
8
78
192
9
46
72
52
40
88
29
46
13
21
60
20
173
30
16
45
53
118
53
17
34
72
27
68
3
37
37
36
13
6
108
47
34
53
47
35
31
50
45
32
5
30
7
43
38
51
31
28
47
49
38
11
26
33
61
31
32
15
21
23
23
33
65
36
27
19
26
26
19
23
78
18
45
38
38
24
60
111
48
31
25
18
35
27
13
13
55
23
142
28
97
18
77
39
65
29
58
31
41
141
85
41
29
32
45
67
45
4
15
59
87
29
36
39
102
48
41
25
87
51
141
60
34
23
43
74
39
33
56
37
17
19
22
55
28
37
30
81
58
40
14
30
51
21
67
39
44
5
50
44
75
56
71
48
10
26
19
30
50
28
12
116
59
18
188
23
74
52
31
55
35
36
13
41
28
36
26
43
35
176
37
15
60
29
11
7
48
12
37
13
18
56
76
11
8
19
28
40
15
14
17
57
54
68
0
15
11
45
29
51
21
23
20
39
57
27
53
28
29
91
80
15
60
104
46
8
32
11
40
45
17
31
15
26
20
17
26
18
57
44
82
8
14
11
33
80
2
21
15
41
42
53
17
117
33
24
30
36
11
74
54
46
65
38
12
77
57
39
60
51
44
45
30
72
48
35
32
29
33
33
35
46
68
89
42
35
57
37
22
51
41
127
46
17
20
49
86
22
113
12
135
56
44
17
46
21
39
34
71
52
44
10
60
172
48
37
101
39
62
68
27
37
10
56
24
69
12
47
26
36
42
3
22
38
17
13
50
14
78
27
42
63
40
16
34
5
19
36
66
123
17
19
18
69
4
52
30
31
79
14
49
22
14
36
24
13
71
63
30
46
31
54
15
4
31
31
18
36
34
36
64
23
24
52
9
12
52
92
47
10
57
11
48
50
82
17
70
36
51
115
126
16
59
23
72
50
44
42
71
64
25
34
37
31
39
47
327
61
21
35
22
15
55
13
91
22
61
40
57
3
28
50
44
54
25
16
35
31
70
15
6
20
58
24
45
27
19
80
20
7
57
3
40
133
25
26
73
21
26
29
186
30
133
105
25
18
65
95
8
67
26
8
32
30
46
31
41
0
43
73
48
90
40
46
10
16
37
21
20
229
6
63
30
95
38
62
42
17
26
16
47
38
23
42
31
37
19
33
30
70
30
86
22
25
41
34
87
55
98
190
32
72
56
35
24
50
49
26
28
12
42
47
16
14
54
43
37
156
13
48
51
71
21
69
51
36
64
24
31
15
54
15
21
27
63
47
20
35
77
51
40
23
70
44
178
5
23
38
99
21
49
27
52
29
247
61
22
23
37
78
69
40
62
72
25
48
39
18
80
14
64
26
10
50
67
12
18
43
44
28
33
69
15
29
176
24
22
26
55
26
71
25
9
36
51
11
22
14
39
83
114
19
19
15
57
36
27
55
90
25
50
114
21
58
23
195
53
210
52
42
36
26
40
10
57
25
256
22
41
14
29
76
53
44
13
56
11
14
177
25
45
16
107
16
159
75
52
123
43
25
5
91
28
110
22
104
22
28
22
55
44
20
53
47
6
38
19
28
42
68
34
31
52
18
43
60
73
13
3
43
8
27
52
44
46
25
34
45
59
39
25
35
19
36
48
29
58
59
63
24
24
65
51
26
43
48
71
76
22
5
10
26
153
19
37
35
21
34
68
42
5
60
20
28
34
90
19
26
22
261
75
65
5
28
39
38
56
24
44
13
50
38
8
2
16
18
118
26
9
84
20
48
64
78
179
11
44
81
28
45
21
60
75
37
15
13
48
35
34
99
78
22
22
60
40
13
58
33
37
47
30
11
18
12
48
25
44
88
28
19
25
25
84
26
24
50
29
11
96
23
47
51
167
8
7
28
66
65
74
34
45
25
5
48
15
88
74
51
50
17
46
83
33
13
21
37
35
25
57
55
26
36
24
50
48
33
51
209
19
60
24
29
50
37
68
90
26
6
45
55
28
69
13
14
28
60
83
41
43
110
38
46
29
49
28
62
28
75
35
35
32
19
7
26
43
48
38
48
27
58
54
24
27
138
34
186
31
36
32
43
39
38
19
35
74
49
55
139
14
16
81
56
11
60
29
16
59
27
65
188
17
5
105
48
171
46
125
53
54
13
119
33
21
41
18
20
27
43
56
25
118
7
26
49
51
65
23
22
39
56
34
17
32
12
55
16
19
100
2
69
13
56
26
119
23
103
43
43
27
21
49
50
48
44
38
63
67
50
99
124
22
67
20
52
43
106
41
43
99
38
22
35
32
52
40
4
16
43
39
59
49
69
18
13
13
22
19
41
21
34
44
25
7
54
78
47
21
7
67
5
19
49
59
45
4
12
32
15
121
27
117
51
116
19
40
20
65
43
35
11
38
27
39
51
30
86
55
101
32
12
37
50
132
4
40
69
29
34
76
40
44
6
35
50
53
27
33
13
35
30
58
76
31
44
20
59
26
69
21
39
21
15
5
181
36
63
66
15
46
51
14
61
43
67
16
56
48
25
48
38
53
116
11
38
84
32
67
12
107
51
26
21
2
12
23
72
11
64
50
33
66
27
47
49
28
50
20
20
34
24
48
32
44
35
22
38
23
26
34
40
47
16
13
32
152
25
43
38
109
57
16
39
40
49
30
45
59
14
11
44
56
25
12
13
15
37
42
38
27
30
10
8
32
21
63
29
25
137
42
56
62
82
17
29
41
45
82
55
42
51
24
17
19
14
30
39
62
41
37
32
34
80
37
47
13
31
111
53
162
49
0
48
24
52
48
60
45
58
57
34
121
163
39
14
27
22
83
28
62
30
33
88
27
9
48
511
19
115
26
26
60
27
9
75
96
40
51
85
51
40
44
19
70
0
46
16
75
31
27
22
50
32
54
32
61
5
50
51
13
61
26
41
4
6
36
86
74
56
102
68
60
11
57
15
14
31
10
57
24
31
42
56
22
44
47
56
19
34
35
20
6
7
79
32
46
35
38
56
16
18
31
3
15
38
35
28
36
12
38
44
52
28
43
32
64
37
21
85
111
28
60
35
40
123
55
21
41
17
47
33
23
71
75
38
137
77
23
46
63
62
52
16
54
11
83
50
168
28
43
38
55
5
24
78
15
19
40
85
15
35
20
6
30
46
43
20
29
51
29
25
28
71
52
19
10
30
29
35
66
54
25
38
45
134
43
27
22
65
43
102
45
15
39
40
50
35
67
133
42
36
16
32
18
50
67
135
189
127
20
30
44
44
14
69
60
21
97
27
18
49
59
84
44
25
58
31
82
24
21
65
12
14
54
25
27
30
49
38
128
6
24
62
55
55
14
47
110
40
8
26
32
77
112
88
41
40
137
28
27
11
50
48
32
67
70
44
58
14
104
86
7
61
37
61
9
33
36
66
16
91
33
59
37
53
32
127
33
51
65
25
42
30
27
153
30
16
97
18
36
50
35
33
139
40
25
48
52
33
20
51
26
60
106
33
27
46
18
23
80
39
29
39
90
52
57
28
34
15
29
10
33
34
57
17
40
28
26
15
33
70
31
29
71
26
28
72
28
17
39
60
9
22
30
17
41
25
54
52
36
13
62
19
11
62
35
53
41
23
110
183
61
72
78
107
37
93
39
25
89
6
15
59
46
30
30
41
42
71
59
63
28
35
30
119
52
122
64
40
16
38
9
79
49
63
31
38
70
49
55
36
25
27
44
27
14
13
33
18
206
51
18
14
44
26
49
40
38
25
46
32
47
72
18
24
30
20
46
30
116
119
34
10
25
31
41
15
116
164
36
19
25
34
30
32
43
45
11
37
45
80
45
97
100
49
85
11
34
16
40
33
8
37
65
69
96
81
44
69
56
23
12
27
54
56
52
56
37
68
31
22
19
14
27
48
137
21
44
47
32
16
38
83
29
108
39
79
19
40
52
36
37
15
15
31
10
51
60
20
10
92
19
21
71
72
14
19
22
48
21
51
64
40
82
41
25
12
42
7
19
26
93
66
11
35
23
38
2
46
31
41
66
30
49
24
73
22
30
35
23
28
56
29
22
114
22
13
64
106
40
53
0
13
162
20
39
14
3
34
79
22
21
12
51
25
4
84
28
30
44
22
10
44
29
37
71
59
17
61
85
16
23
13
45
74
40
45
37
53
71
88
17
25
12
67
44
53
2
14
0
50
27
15
18
40
18
27
14
26
87
16
19
15
77
26
51
38
27
36
20
3
11
11
35
22
33
44
17
65
21
27
12
54
18
11
30
37
24
87
19
107
41
43
15
18
36
12
63
39
46
40
30
50
3
12
68
33
14
32
31
72
13
10
34
98
4
20
46
6
14
82
68
15
39
19
10
46
62
18
42
67
25
44
43
150
19
25
40
51
48
24
41
148
50
64
46
20
21
2
17
30
82
21
66
142
53
26
14
69
33
37
78
12
57
58
79
23
76
74
35
71
13
13
143
21
69
37
97
116
22
51
27
33
11
17
27
33
55
31
63
4
0
23
82
51
12
3
25
14
16
61
10
33
67
43
44
11
32
51
13
20
28
92
9
0
39
26
22
12
70
37
45
73
14
24
10
38
33
55
20
53
55
41
34
65
30
56
38
65
35
64
51
31
97
21
34
41
23
186
117
35
74
111
50
19
26
74
27
91
30
38
39
46
12
80
23
59
40
26
22
18
71
100
57
16
47
38
40
25
67
106
18
62
28
14
13
28
84
62
44
21
90
35
17
79
42
11
68
48
24
64
25
31
37
16
32
22
39
26
53
16
22
64
27
59
86
76
38
27
5
48
63
9
34
49
28
25
49
46
99
32
30
38
21
51
104
63
99
20
41
28
22
50
82
25
87
43
21
65
31
30
46
33
94
32
44
22
37
37
75
63
81
20
83
47
64
23
48
175
71
5
11
3
54
9
21
11
30
38
73
42
41
62
62
12
11
23
28
15
41
27
61
8
25
37
8
54
66
33
41
35
105
37
53
46
28
6
34
8
11
43
3
41
7
43
15
38
26
46
15
13
3
25
28
48
65
85
55
26
45
18
12
46
20
37
7
44
30
6
25
12
36
13
18
30
37
35
23
29
25
84
44
86
21
34
62
39
28
17
39
38
15
12
43
32
58
44
19
9
35
67
55
81
50
19
47
49
36
40
42
15
82
16
61
54
60
124
70
39
44
49
11
49
73
25
28
24
47
96
38
40
18
14
15
7
2
25
18
129
9
30
16
58
46
48
110
52
39
32
5
31
39
17
0
18
40
55
45
28
81
39
25
5
44
12
26
69
15
43
19
12
67
24
12
31
64
21
61
21
99
61
14
80
20
88
32
50
12
27
22
12
18
24
26
57
17
5
85
7
40
58
16
19
12
18
25
17
14
21
15
13
83
13
111
42
9
32
5
35
39
53
28
46
44
39
23
15
20
14
66
50
29
26
21
17
29
12
104
32
12
17
14
6
59
30
33
28
73
22
51
57
42
51
72
41
40
41
51
22
15
57
42
23
77
19
41
48
13
40
52
15
27
10
43
63
19
52
11
49
61
29
51
56
56
11
41
28
26
25
59
26
39
64
35
13
23
49
26
26
113
41
64
10
18
53
6
20
30
68
13
41
42
39
40
21
39
29
22
22
18
51
29
33
41
8
80
21
42
23
44
15
55
16
6
64
17
31
194
26
92
18
28
12
47
12
27
24
40
20
15
23
60
24
13
18
47
42
41
12
12
28
13
38
48
99
36
16
133
31
10
34
13
26
27
4
33
86
29
12
47
10
44
40
37
20
68
39
44
87
8
40
20
32
19
15
95
18
64
23
50
23
62
44
25
32
99
38
50
44
21
30
75
10
21
19
58
29
16
50
148
20
43
30
41
43
28
64
192
51
34
62
19
81
165
43
39
75
50
58
38
2
36
22
23
38
52
53
21
24
3
30
63
33
66
13
34
32
62
46
14
66
29
11
23
28
85
66
29
2
58
30
65
24
100
70
45
34
11
98
46
57
122
30
21
62
33
35
36
34
17
12
37
49
12
24
18
27
14
115
46
13
34
40
79
37
71
41
55
15
38
36
68
35
49
29
25
70
21
20
5
63
61
22
131
35
2
32
38
44
63
43
30
22
11
17
25
58
80
11
30
40
28
126
77
34
60
12
30
15
3
3
44
31
63
70
24
20
26
34
28
10
49
30
3
11
51
19
44
65
6
8
50
39
28
27
25
17
44
40
33
63
32
78
42
42
44
106
60
221
17
18
31
45
40
29
46
95
28
172
126
61
12
27
47
40
29
21
84
72
29
25
74
45
26
18
29
57
31
22
30
33
28
54
23
49
24
20
34
20
42
13
24
21
21
108
64
25
48
68
59
21
55
35
22
23
29
49
46
12
58
46
64
54
54
40
39
30
95
50
71
55
32
51
24
86
15
75
107
39
47
51
2
75
38
26
32
30
39
25
17
85
30
34
76
54
58
54
33
23
11
46
29
18
45
48
29
52
0
20
42
35
35
17
5
29
37
35
39
17
38
10
50
77
35
22
37
6
61
37
12
20
45
26
12
28
29
64
144
101
66
28
23
11
14
43
49
103
60
27
36
5
27
17
60
10
99
16
35
99
12
35
43
47
4
88
67
14
32
23
4
38
7
97
35
4
14
142
48
113
11
70
57
32
33
69
52
36
97
27
27
33
32
27
5
5
49
15
52
76
35
43
16
31
31
24
16
34
40
48
20
35
119
67
21
17
78
69
60
47
23
25
87
42
24
37
60
49
44
83
40
50
41
51
109
132
189
12
24
23
24
20
26
31
57
62
83
86
108
54
10
47
21
19
32
45
24
12
50
18
43
50
53
55
19
9
35
6
37
55
84
21
136
26
7
48
20
52
20
96
21
46
124
22
96
78
67
36
62
28
54
59
27
70
33
25
41
42
69
54
131
85
42
16
39
21
3
39
54
53
28
10
36
31
20
36
54
29
51
73
17
67
32
23
31
41
28
38
71
2
40
28
16
19
23
55
30
72
3
27
62
31
42
24
147
76
29
49
54
32
74
17
93
46
38
14
46
14
28
87
8
54
68
23
22
16
24
23
45
44
45
215
23
24
26
38
24
77
43
30
29
28
31
35
73
23
55
23
12
53
37
61
44
34
47
34
33
11
22
34
21
6
36
64
27
51
20
28
61
93
23
10
84
35
21
11
108
54
26
24
54
52
45
23
65
14
86
20
43
220
49
36
51
79
57
25
15
12
36
16
174
18
61
24
18
62
12
31
34
55
26
3
37
29
34
77
74
37
10
77
10
41
18
28
17
29
66
11
10
44
29
50
26
35
46
16
32
18
35
15
49
87
55
22
23
45
30
27
84
80
31
23
36
34
65
38
34
52
33
30
12
36
25
59
24
75
100
61
39
73
33
17
16
0
17
85
29
42
29
50
12
39
49
30
187
27
47
20
8
12
31
22
53
30
49
12
52
26
96
29
45
39
14
93
31
57
41
23
59
17
39
37
24
13
26
83
29
18
10
116
30
28
23
9
36
35
63
104
17
30
40
44
24
55
71
56
7
28
43
22
33
35
14
39
33
26
79
43
42
25
98
62
53
24
22
33
30
27
11
75
108
20
55
15
48
31
35
45
45
47
38
55
10
28
36
20
12
32
12
46
54
18
68
64
29
65
36
4
51
52
26
31
44
35
76
110
59
128
5
58
35
43
2
86
28
26
34
43
17
15
52
51
92
41
89
32
29
32
40
96
82
72
87
12
38
27
35
19
19
30
32
66
21
80
102
34
15
74
75
11
28
97
25
19
35
22
67
36
39
20
30
16
7
52
5
4
57
2
51
24
17
50
48
55
19
39
64
12
23
48
43
30
31
47
31
35
21
64
41
44
98
66
75
14
38
44
89
31
20
24
25
2
53
33
5
48
25
2
49
51
29
33
9
13
23
14
23
12
41
25
28
14
21
16
4
26
54
4
37
85
56
73
22
21
42
14
21
14
30
50
11
19
39
9
186
39
4
44
3
7
27
98
22
34
8
21
36
32
15
13
26
15
9
58
18
47
132
33
7
40
11
20
24
79
14
32
30
93
36
21
59
125
40
131
36
15
21
17
36
103
49
28
49
50
39
19
37
15
43
57
42
57
25
47
38
50
115
46
43
24
7
79
42
17
64
11
4
27
38
15
18
50
37
14
107
48
34
19
14
64
25
3
41
27
48
12
32
36
170
51
34
41
37
16
20
65
42
40
24
22
84
83
53
88
46
8
38
32
75
45
82
40
33
31
55
18
55
48
30
131
43
13
25
40
27
37
32
36
38
7
44
47
60
28
24
51
38
75
18
70
31
51
47
57
46
62
61
44
55
66
16
47
23
42
15
23
12
32
51
81
30
105
76
12
18
33
16
30
41
54
82
44
48
51
51
60
53
22
43
32
13
59
29
23
39
39
29
83
10
45
45
63
26
31
64
85
38
135
47
40
11
30
30
53
40
28
29
46
59
4
24
26
49
92
27
3
29
30
26
29
4
37
102
11
21
29
27
29
131
48
46
7
79
18
16
12
29
78
97
16
24
161
35
2
22
28
52
156
34
25
49
53
30
52
2
7
45
25
39
13
75
7
26
44
36
38
146
5
4
24
69
20
60
24
78
17
26
26
25
22
52
83
71
41
50
17
48
16
19
43
75
36
27
43
33
62
36
11
25
15
12
11
84
7
60
19
17
2
127
37
21
102
30
44
18
90
39
26
37
96
15
65
33
62
106
30
87
50
18
47
44
18
9
36
53
45
19
81
50
16
37
20
148
58
16
26
108
48
27
23
44
76
20
101
58
24
58
80
32
49
110
35
50
70
34
45
16
9
59
42
100
30
105
78
30
60
38
40
26
16
14
35
76
26
31
159
50
35
16
55
20
47
14
22
24
28
56
12
56
31
44
23
30
46
60
55
8
66
20
46
36
54
85
20
27
36
21
22
44
149
21
33
5
67
8
6
37
176
11
47
28
33
39
61
40
37
108
21
39
298
23
64
52
36
26
17
32
25
41
36
36
34
42
42
65
46
7
16
18
37
15
44
103
50
46
46
28
43
97
116
33
26
85
27
16
27
30
32
31
21
29
37
15
43
35
25
41
42
22
13
15
54
34
37
7
21
26
255
65
37
54
74
28
59
82
75
62
87
40
30
120
11
24
165
20
33
136
49
41
42
21
27
21
28
50
25
52
47
106
47
30
13
63
27
68
39
45
64
23
108
39
91
43
64
86
152
156
5
30
15
7
18
17
30
63
136
157
39
69
127
29
9
26
46
2
160
19
51
40
18
44
102
58
14
14
64
24
57
50
35
103
21
33
22
20
26
26
25
36
6
63
43
16
95
16
34
96
11
32
35
67
51
35
52
96
28
17
92
25
30
28
42
127
23
53
47
29
23
77
59
15
11
72
24
2
48
49
33
21
129
34
51
14
20
28
33
2
35
27
33
34
42
48
42
43
27
61
66
21
11
32
22
24
36
26
6
45
77
91
11
61
50
6
191
55
37
30
101
129
45
82
22
202
150
42
18
67
24
96
38
102
45
43
65
108
39
45
19
22
12
30
30
44
31
9
34
66
66
100
61
3
14
43
29
36
32
19
82
33
29
24
45
37
46
31
8
46
70
49
48
22
69
16
40
50
77
59
62
39
6
30
42
69
25
38
126
2
64
8
53
28
11
31
271
37
38
41
17
27
20
56
48
23
78
61
65
43
45
5
67
29
86
42
50
71
61
77
42
65
52
37
23
25
17
30
12
26
55
52
80
70
9
94
60
92
48
19
105
27
53
32
45
38
56
13
32
96
38
47
32
37
60
45
25
3
40
51
62
17
33
13
63
44
36
181
37
111
46
28
12
14
44
47
42
33
6
39
13
102
72
66
72
22
47
49
47
22
59
37
35
34
26
26
23
45
60
53
38
10
15
34
84
56
18
35
28
136
42
68
18
6
25
61
46
27
48
44
34
60
43
42
90
35
29
27
19
15
97
20
60
26
44
11
11
35
67
19
19
62
103
38
127
15
47
38
18
21
54
48
36
26
28
57
37
48
19
30
36
10
45
47
120
8
22
155
11
11
9
71
25
89
26
88
69
17
50
14
42
34
25
62
22
46
28
32
84
23
27
102
66
84
24
14
54
144
75
22
33
50
44
64
59
58
27
15
204
38
105
7
52
14
37
44
119
50
44
35
63
22
12
47
60
38
51
33
64
71
20
23
16
45
33
59
21
5
27
59
11
106
33
22
63
39
78
147
2
31
41
34
50
24
15
19
51
52
36
47
20
56
44
38
25
55
44
24
35
72
29
47
25
11
53
32
15
47
77
35
46
88
15
35
58
25
66
25
32
22
24
41
81
9
78
32
33
14
207
22
25
100
67
34
54
25
35
11
75
37
28
33
12
89
55
24
35
44
39
32
50
19
68
12
38
31
23
60
27
6
58
133
54
47
19
23
52
104
40
7
32
22
106
20
10
40
28
29
22
60
13
24
68
42
67
17
18
64
34
77
59
106
52
59
22
36
34
68
43
26
10
57
27
51
42
59
32
67
21
8
10
24
51
70
105
39
36
21
15
37
2
96
18
21
6
45
32
49
38
67
39
59
5
5
63
48
70
20
51
11
27
40
18
40
30
16
29
67
52
44
34
27
38
35
3
34
57
30
81
3
72
19
42
45
31
15
16
153
32
21
88
43
55
37
27
51
45
17
26
16
14
11
146
15
33
97
43
39
61
67
32
75
39
34
59
39
146
22
51
25
38
13
118
38
34
59
8
59
2
73
72
41
13
29
29
9
64
35
50
37
14
37
11
65
40
44
16
78
18
60
34
65
18
12
16
38
23
11
94
61
45
21
72
5
36
58
36
32
26
45
20
44
21
69
82
33
19
15
38
34
19
36
32
75
29
7
41
19
10
116
33
110
20
55
83
18
84
43
60
88
31
25
118
29
36
45
58
15
38
27
37
30
35
43
117
20
28
79
37
20
62
65
17
16
77
30
105
161
18
12
3
6
17
35
36
78
47
125
20
23
39
48
22
36
31
46
27
102
34
39
12
113
103
43
34
12
40
42
38
56
21
25
63
156
4
69
26
31
24
32
48
17
24
58
45
27
29
44
38
51
54
28
31
44
42
24
79
37
20
16
28
96
51
35
13
49
27
37
50
48
22
77
20
12
63
16
26
68
35
30
36
3
39
20
12
33
20
60
32
16
57
42
33
43
45
52
9
17
38
79
69
29
31
51
36
28
22
75
51
65
105
27
62
15
17
12
50
34
43
11
26
24
120
18
10
29
52
42
80
25
15
14
43
16
40
67
74
28
64
30
48
30
30
73
70
77
36
70
71
66
37
24
24
33
105
30
27
62
30
23
12
82
33
31
56
52
71
56
42
65
37
17
26
46
45
10
19
9
16
28
12
26
33
35
19
22
81
80
76
22
62
11
53
33
26
15
115
30
37
51
33
73
71
46
15
44
50
57
5
34
72
10
26
28
8
54
52
94
19
30
49
42
57
27
27
22
16
92
20
25
41
13
21
75
43
25
17
65
117
15
21
97
83
8
11
3
6
48
14
55
77
34
40
10
41
22
32
53
82
63
39
24
36
85
28
3
52
26
34
64
24
45
32
54
36
27
13
38
27
84
34
35
37
85
65
30
54
54
124
114
6
37
29
19
16
40
64
20
16
3
40
34
12
13
67
34
37
7
104
15
29
46
41
28
144
15
43
13
21
20
26
26
45
123
17
11
50
21
74
15
52
40
16
95
27
78
33
45
15
64
40
42
18
15
101
5
67
41
17
41
54
21
16
31
43
189
27
20
11
69
13
24
13
6
21
28
25
15
20
89
20
39
36
34
25
55
19
66
114
71
20
37
20
106
84
45
52
46
65
73
2
24
31
118
12
33
72
34
81
17
35
27
27
31
11
77
12
24
90
17
6
18
16
35
23
49
28
10
34
63
51
14
32
41
30
24
27
44
36
107
45
52
32
23
66
50
6
13
31
124
23
60
5
183
23
38
31
18
43
73
54
41
27
110
56
20
31
29
29
26
42
248
44
15
91
56
62
28
52
10
54
68
26
19
39
32
20
16
22
61
48
32
11
79
55
24
41
52
28
91
40
30
32
58
33
21
97
111
65
34
24
15
42
14
7
26
52
