3942
38
56
11
78
72
77
16
61
21
18
68
42
15
47
81
41
28
78
11
32
78
5
16
44
45
27
11
73
43
31
38
28
18
25
12
101
48
34
53
49
39
76
105
30
90
34
47
81
69
49
49
28
14
30
24
44
39
19
55
210
54
18
102
137
45
79
35
24
77
33
41
49
23
47
86
50
36
34
17
4
17
119
53
42
22
38
57
38
27
20
35
44
42
68
68
18
59
62
43
131
12
60
41
21
64
35
18
16
65
52
60
35
25
15
50
43
23
31
26
35
18
34
56
37
24
41
15
19
130
47
45
70
40
34
75
107
17
62
32
28
6
40
38
72
60
51
28
35
30
12
26
21
53
70
7
38
37
18
26
22
42
14
7
34
50
7
63
57
17
16
73
21
20
75
20
183
14
79
37
96
13
12
19
29
42
44
26
71
223
127
66
43
24
21
40
42
71
39
13
76
39
32
3
7
113
13
112
36
37
60
58
28
91
39
64
67
22
51
25
57
66
35
18
15
29
17
14
27
49
82
42
18
39
74
50
67
17
49
63
15
80
15
56
21
15
20
43
27
42
3
14
57
49
39
34
27
22
39
32
36
33
127
19
30
33
49
75
20
36
33
39
36
39
26
37
22
30
34
19
18
33
27
52
93
49
21
10
74
39
65
18
18
43
49
44
61
26
41
48
11
54
80
13
34
140
25
23
28
120
27
14
32
31
108
85
52
36
42
13
25
45
62
65
30
77
38
23
19
25
28
16
28
28
39
29
96
33
19
118
64
112
46
19
58
51
49
43
51
46
27
40
53
38
33
15
43
18
0
17
25
41
38
40
54
88
32
21
23
64
54
64
31
73
53
17
172
71
35
10
17
45
49
32
15
29
57
36
62
40
19
46
55
18
40
24
11
33
29
30
24
21
60
27
47
26
64
10
37
158
86
30
56
25
6
28
78
131
34
70
26
75
22
56
84
10
33
14
3
18
69
26
48
57
29
21
45
133
48
42
2
17
11
45
0
73
26
40
67
38
25
50
80
23
39
43
38
62
65
32
31
39
48
39
59
17
28
36
16
36
75
13
40
36
47
33
40
5
23
4
26
29
26
43
34
26
35
35
72
50
31
26
51
38
26
32
40
75
86
59
98
11
22
14
31
33
0
75
41
2
67
31
67
23
11
43
32
29
41
51
14
39
56
50
6
34
13
43
54
11
3
25
43
42
18
39
130
21
52
31
40
3
38
143
38
20
30
8
11
45
2
24
46
13
19
39
24
23
41
34
49
36
17
53
17
61
48
42
68
16
63
45
13
45
7
20
10
25
10
108
46
34
42
58
10
28
35
19
8
16
22
66
30
51
16
25
69
83
37
19
17
38
45
49
14
11
15
59
75
25
45
79
6
110
95
66
7
73
50
72
39
119
8
19
113
40
38
64
27
0
14
30
2
14
87
47
70
76
46
19
87
46
8
52
43
34
30
61
20
72
32
23
13
5
53
49
60
18
23
18
17
24
26
194
34
33
107
40
2
36
63
39
33
12
62
14
23
99
49
137
47
123
28
15
20
17
35
27
37
86
4
22
38
85
36
60
49
51
92
101
69
30
40
47
32
21
31
69
39
28
56
35
41
61
40
33
17
33
49
50
43
109
54
45
39
105
24
34
39
30
41
93
138
25
34
55
47
69
47
27
24
51
26
70
39
52
38
38
29
126
16
20
11
39
33
29
32
69
32
29
34
36
37
36
20
31
93
55
30
72
39
49
14
41
15
44
55
56
23
75
53
11
11
15
25
133
10
10
13
24
34
44
12
25
18
12
35
17
29
84
47
66
33
29
32
157
30
26
32
68
16
21
2
59
34
16
36
72
93
52
12
3
49
23
96
36
18
9
70
27
89
18
32
33
17
15
20
17
97
39
7
94
110
28
125
35
30
31
33
19
27
62
2
12
60
31
49
104
17
90
3
65
40
28
18
25
7
11
18
13
49
23
35
28
43
11
19
42
103
38
81
37
55
144
41
13
16
37
11
8
6
28
28
22
49
91
23
36
18
79
44
50
21
50
39
34
52
44
52
105
33
3
15
36
35
36
86
4
18
35
26
18
5
29
104
25
0
8
19
17
60
40
109
33
44
19
26
34
40
90
23
42
38
29
25
13
12
38
11
38
56
25
7
68
45
39
38
58
52
52
49
73
32
60
23
70
18
21
40
89
48
49
26
33
32
17
10
44
27
31
39
40
21
18
64
52
28
22
51
62
41
17
122
23
57
22
45
34
11
39
55
37
39
83
13
41
5
38
74
22
53
174
43
115
40
28
38
46
29
16
27
29
10
76
38
98
54
44
79
24
113
29
23
12
52
27
17
30
25
52
39
23
31
23
19
20
65
49
97
24
79
18
8
47
28
38
66
14
17
54
49
26
81
29
125
91
33
70
61
105
55
15
37
32
73
47
47
11
188
81
36
69
34
4
12
5
43
57
24
24
36
50
5
41
34
34
39
87
36
21
57
35
35
26
14
52
24
32
50
21
32
130
23
40
31
22
18
29
50
6
48
13
58
20
2
37
30
30
31
17
6
69
55
73
16
62
74
22
18
59
17
33
79
21
23
36
22
13
154
89
26
37
41
77
7
26
64
32
38
7
63
49
26
22
32
27
23
12
65
67
52
45
36
52
43
34
5
56
15
74
60
47
118
45
24
66
17
17
35
18
40
44
19
35
22
44
63
68
76
70
52
8
34
54
78
48
109
50
46
22
22
33
7
14
29
16
49
15
13
17
68
15
10
81
69
15
35
15
15
36
25
40
49
17
38
47
11
28
38
64
24
31
34
32
11
33
26
39
7
12
16
72
61
44
78
14
52
78
66
41
7
53
13
83
61
15
48
52
33
20
56
49
26
31
43
38
38
32
96
11
24
79
32
44
35
19
55
61
35
26
18
9
24
98
14
13
21
17
9
68
176
24
12
56
69
29
68
39
23
95
37
80
22
72
23
17
49
8
26
43
50
13
58
46
184
47
34
31
29
119
83
67
30
9
59
21
39
45
55
26
25
61
20
33
40
7
35
28
92
37
33
30
24
126
37
36
27
37
21
41
57
32
33
37
125
19
27
62
117
40
32
28
19
86
26
127
24
64
81
12
51
63
56
23
44
40
29
22
24
27
12
30
46
16
27
15
42
43
45
35
33
30
50
20
14
42
77
53
17
11
12
25
57
22
85
68
43
81
91
9
48
60
27
27
35
35
42
26
56
45
27
58
42
44
23
34
17
9
16
25
36
107
24
22
36
34
69
10
33
48
45
45
39
36
37
242
57
53
50
33
88
22
99
33
54
45
29
28
27
22
21
66
21
41
35
71
33
36
31
154
82
23
41
52
50
29
44
50
75
33
23
15
28
28
19
38
35
11
38
58
64
74
32
69
28
30
88
23
43
46
46
43
39
33
13
22
46
43
17
27
18
25
23
27
177
103
11
46
31
22
56
26
75
20
11
36
49
112
11
34
43
34
66
49
28
26
2
19
53
59
41
78
107
9
29
5
26
39
40
19
28
13
40
52
101
15
12
127
105
22
20
77
42
65
27
32
53
9
30
51
38
36
34
67
5
45
79
21
63
22
60
71
38
112
56
26
53
48
35
35
49
18
45
42
47
56
134
42
30
20
9
15
47
21
38
38
54
51
106
65
43
24
85
51
33
24
69
11
20
47
14
22
46
44
25
38
54
54
52
32
15
29
36
3
41
33
20
16
69
35
23
17
27
71
68
23
56
37
34
32
31
20
36
16
35
45
16
42
50
32
62
71
40
26
24
12
35
20
18
16
65
39
11
16
46
24
48
24
31
41
5
79
2
42
34
28
32
75
39
14
24
41
33
32
53
13
44
194
28
35
50
26
11
24
87
71
42
51
14
40
50
38
30
35
19
56
22
31
18
27
40
26
11
23
74
27
70
39
16
17
37
34
13
19
29
51
104
59
48
64
74
14
2
25
35
41
44
24
23
2
16
50
8
15
70
29
14
33
39
36
30
21
84
36
27
36
135
11
15
7
40
19
44
26
9
24
37
58
58
43
45
13
118
46
6
42
79
31
85
4
30
44
19
22
21
65
17
59
37
24
82
16
54
53
22
104
32
31
43
33
44
46
37
25
55
47
17
32
76
20
10
23
20
10
30
64
12
29
43
36
40
43
41
28
21
44
31
11
82
16
27
30
36
60
29
136
60
20
27
19
31
55
45
12
2
25
87
105
19
12
40
41
14
56
49
44
15
50
28
16
34
166
48
25
22
49
41
33
28
34
40
52
9
11
92
64
152
21
118
29
55
25
17
63
30
90
24
20
6
40
36
50
47
30
107
37
14
36
51
29
23
11
44
51
35
42
107
6
65
6
53
32
25
49
28
62
50
51
45
58
27
88
32
79
22
22
52
53
17
34
49
61
37
11
2
118
20
32
59
47
68
28
12
36
58
42
39
21
61
24
43
7
34
47
21
18
46
56
35
24
82
44
114
57
148
47
54
14
18
36
11
25
56
89
38
23
52
44
118
262
62
48
26
35
22
48
11
48
118
50
35
26
82
36
23
20
73
40
31
30
35
27
28
15
124
32
42
34
5
27
24
25
12
110
80
50
43
33
38
44
25
21
26
29
16
11
51
18
49
11
36
15
29
24
32
20
30
17
5
26
54
27
46
57
52
27
49
26
24
48
20
46
17
59
62
30
25
24
70
27
30
120
7
23
25
134
36
9
12
42
17
67
37
58
21
245
30
77
53
110
58
44
94
84
12
44
53
40
26
46
25
30
37
88
51
87
63
68
107
14
35
15
68
22
36
66
103
45
35
9
32
59
63
29
25
28
23
48
27
21
58
53
40
32
13
34
24
11
58
92
56
67
42
45
60
35
52
5
17
51
34
19
63
13
43
19
15
27
50
10
29
15
6
39
12
61
91
54
80
79
68
30
8
55
29
42
21
50
43
24
35
56
50
9
10
56
29
24
120
59
29
21
57
121
43
35
45
16
38
43
31
65
74
27
96
20
14
40
55
20
15
39
115
41
37
94
66
22
31
12
36
15
17
27
63
70
22
18
44
66
45
37
80
4
31
34
42
38
55
84
25
47
49
34
67
19
52
46
71
54
40
35
31
302
25
34
19
23
40
46
24
32
39
44
64
5
51
29
11
36
41
37
16
5
45
31
11
49
91
23
35
30
17
17
43
24
95
22
33
25
20
29
47
91
50
60
30
105
21
73
20
37
68
57
15
128
37
45
99
31
26
33
11
19
30
0
20
52
70
42
44
29
23
11
89
48
58
36
53
29
47
22
40
74
40
5
93
22
21
46
47
70
50
41
43
30
40
40
64
16
30
32
30
35
26
25
21
58
26
9
16
17
31
17
17
53
75
12
33
39
47
23
58
56
28
18
12
61
44
42
16
33
42
37
35
21
55
37
11
36
122
9
23
14
29
4
59
74
32
27
26
22
19
32
20
37
44
41
24
54
28
17
30
44
46
21
20
23
109
24
46
36
56
35
0
33
32
24
9
39
26
38
54
20
17
45
24
25
64
70
22
18
76
39
32
63
66
17
24
33
87
2
9
40
55
2
38
13
81
30
39
35
26
11
31
32
38
15
49
33
64
26
9
9
18
45
98
19
89
34
29
20
22
4
68
23
11
73
58
35
20
55
33
32
34
4
27
65
15
22
17
12
45
23
12
83
72
57
36
25
57
53
23
24
45
35
27
65
57
15
25
62
37
16
65
5
26
31
35
20
24
28
13
15
21
41
36
93
12
13
20
109
55
63
79
29
39
56
286
41
69
21
37
48
32
53
48
49
76
49
44
133
34
102
29
40
28
34
44
30
71
31
49
56
96
23
15
60
35
13
96
96
36
117
21
182
36
38
24
68
61
24
6
32
26
17
27
49
56
22
26
56
37
21
52
28
45
78
20
29
26
61
130
84
45
15
36
136
59
29
134
33
62
96
64
15
27
47
29
14
6
32
24
21
68
11
16
28
21
96
28
41
18
11
16
30
20
25
20
26
57
33
66
37
48
75
123
59
33
42
22
99
91
27
15
40
28
71
61
103
32
42
44
18
89
27
34
58
101
36
46
12
23
17
85
36
33
36
33
28
61
44
60
30
48
44
43
27
82
40
16
36
48
22
93
84
20
62
44
50
35
33
25
60
42
49
55
86
22
44
116
29
52
46
26
39
15
50
93
43
61
11
41
54
61
39
14
36
79
29
28
81
31
50
62
58
35
128
17
36
21
86
15
57
110
104
49
14
32
59
60
87
27
9
19
104
89
2
41
29
11
59
53
25
33
173
35
44
19
5
42
50
26
27
58
18
73
114
11
44
44
46
64
106
125
62
48
13
24
28
31
34
46
37
60
38
25
37
32
154
4
17
119
60
57
5
30
75
73
60
55
19
46
61
30
33
26
19
27
20
56
184
26
52
16
29
85
38
5
77
19
34
36
29
42
63
37
22
18
41
51
44
49
50
26
45
29
99
37
49
60
59
32
57
61
62
3
23
90
43
40
32
78
50
23
74
22
56
76
56
52
29
54
29
69
11
16
28
65
42
21
39
31
13
46
21
14
28
34
70
14
52
54
26
95
89
29
33
85
7
11
14
29
57
12
42
41
33
25
3
54
24
91
70
28
64
50
33
72
24
71
29
72
37
51
45
17
8
49
20
5
18
105
12
130
23
19
48
52
31
42
11
35
99
11
49
65
40
64
55
29
54
49
41
3
54
89
15
85
81
75
61
66
53
38
46
42
25
7
30
60
53
61
30
12
12
23
43
48
34
39
29
17
22
48
58
59
38
22
36
35
53
14
51
24
35
31
52
30
39
21
44
41
69
15
33
57
21
34
71
83
29
71
30
27
45
36
55
31
34
18
60
53
22
18
49
21
44
28
89
6
16
33
29
24
15
71
77
19
11
19
34
23
81
70
48
24
64
29
25
39
49
56
156
122
42
25
32
34
20
27
27
24
46
32
55
46
32
58
106
31
15
47
78
29
37
66
100
46
54
15
38
44
35
16
37
48
15
51
23
12
17
35
48
33
18
24
37
11
34
50
31
92
24
31
41
20
79
44
33
76
39
70
68
61
63
33
53
46
26
31
16
26
60
30
63
55
72
27
20
14
13
12
5
47
38
29
35
47
75
41
15
30
55
47
87
35
17
15
14
20
50
78
20
89
36
45
25
35
22
47
30
24
35
84
41
30
16
2
34
23
31
47
89
70
76
14
38
52
57
46
41
34
25
39
60
42
68
21
93
29
23
39
38
56
24
79
58
39
30
29
67
4
30
65
68
96
11
33
42
38
10
60
43
45
23
35
26
20
52
22
49
32
22
29
120
19
33
32
19
49
119
89
35
31
18
29
19
52
20
29
28
67
54
39
43
24
30
59
46
53
31
20
11
9
25
7
26
24
42
27
32
30
19
18
38
22
53
15
27
14
38
44
35
18
33
7
23
11
26
28
23
52
61
51
33
29
40
34
52
36
49
43
35
11
40
28
34
9
44
35
29
12
60
68
69
41
21
137
79
59
36
36
86
7
46
193
60
19
29
108
50
42
34
26
71
30
48
72
60
53
44
43
46
12
26
43
27
174
13
58
2
56
35
63
75
48
25
43
24
13
23
31
9
38
32
82
16
17
47
48
36
45
61
42
26
11
14
8
38
19
43
7
15
84
55
13
38
67
23
36
49
49
26
16
3
51
52
99
89
39
14
47
28
15
28
45
45
35
13
21
7
121
38
40
33
46
43
99
66
35
69
6
78
192
84
47
26
64
55
76
56
124
23
78
34
57
48
67
22
39
43
22
21
38
32
40
46
16
98
21
36
68
16
21
15
45
70
23
36
2
46
69
31
8
48
37
35
31
48
33
24
12
88
32
33
73
37
70
88
93
13
16
32
47
63
29
47
39
27
118
23
43
36
39
16
23
21
26
25
68
68
39
41
23
18
0
53
52
22
53
29
4
82
68
25
24
34
98
28
23
28
162
27
28
131
64
54
24
26
16
24
27
29
108
30
57
41
45
27
60
8
29
19
80
63
15
3
49
20
35
24
13
31
20
20
45
20
46
50
58
19
85
36
39
87
104
19
26
14
42
27
44
33
7
57
21
65
40
24
71
57
35
154
17
106
115
44
80
52
15
45
47
16
39
68
40
28
25
109
30
34
27
117
65
56
35
71
42
19
24
28
14
16
16
24
48
47
45
28
65
38
79
19
36
12
67
28
55
78
15
21
69
15
85
62
55
13
35
22
2
23
8
127
62
74
78
17
84
44
17
11
31
39
48
35
6
36
30
22
43
41
23
44
70
19
15
61
49
64
26
43
63
14
106
74
23
62
31
37
28
22
52
38
18
40
6
12
42
10
62
22
53
29
50
26
35
43
88
43
22
57
11
49
12
57
20
20
60
26
128
45
10
12
44
29
29
15
79
35
28
42
45
48
63
31
84
54
28
60
83
33
38
76
34
20
24
27
44
49
12
32
41
41
54
39
24
116
49
28
106
29
29
30
30
75
39
17
38
63
61
93
78
52
46
63
27
23
19
13
51
31
26
34
59
46
34
50
49
118
46
94
32
40
31
6
12
57
40
65
44
49
30
37
56
20
114
38
56
110
32
55
35
92
60
51
39
44
23
56
50
6
81
67
62
26
27
87
91
56
7
48
15
56
43
36
4
64
48
54
26
36
16
113
60
12
43
37
64
43
41
53
27
37
39
9
75
10
25
26
14
25
22
49
10
79
73
52
27
47
34
58
79
60
38
36
72
62
66
45
29
8
35
21
10
93
34
27
53
5
46
38
13
68
47
15
50
49
20
53
17
70
37
34
31
8
35
62
54
26
160
68
26
20
42
41
26
42
49
119
89
12
15
14
17
38
52
26
49
18
51
42
100
34
35
37
37
20
26
110
48
40
25
48
40
46
54
74
38
25
11
55
31
48
35
11
46
107
72
27
46
50
32
27
157
68
26
38
11
16
12
25
79
62
12
34
73
30
34
24
128
49
28
12
32
176
51
44
40
38
25
82
31
12
59
44
10
53
12
63
43
32
105
48
50
16
29
84
42
29
17
26
27
30
80
53
26
28
28
46
32
38
18
45
48
88
84
0
60
42
25
5
30
43
20
25
11
60
82
13
26
65
45
30
27
31
39
35
92
35
22
15
39
65
29
44
42
109
13
33
36
51
14
68
60
41
80
7
20
27
26
66
24
24
39
42
104
14
61
58
57
44
18
14
159
60
10
100
11
64
28
53
72
38
14
31
23
24
24
31
13
19
59
22
11
19
22
38
25
106
25
100
52
89
26
28
47
30
26
18
29
128
15
75
36
41
10
12
13
35
60
28
43
48
9
18
32
53
33
42
28
61
43
38
132
38
22
44
76
49
51
31
108
20
37
31
53
38
9
19
33
38
12
59
87
15
67
58
16
30
36
66
12
65
6
37
42
37
13
44
39
56
38
78
13
117
20
40
22
17
43
25
42
113
14
28
32
49
78
40
76
15
48
19
41
32
75
23
18
21
15
12
47
37
22
47
30
31
35
55
86
46
46
31
40
88
18
83
21
40
28
147
53
87
41
70
73
34
10
25
32
45
28
16
40
22
35
11
40
11
55
23
97
58
12
41
45
101
77
48
53
19
49
19
41
48
64
12
31
21
19
25
28
56
27
47
35
87
138
31
77
46
21
154
39
26
85
27
41
33
38
48
38
58
28
27
33
46
46
70
82
32
39
8
23
26
17
42
43
46
55
2
47
19
50
42
20
52
28
22
40
21
25
58
20
86
16
50
54
43
33
13
50
30
53
32
53
11
45
81
31
2
2
34
31
16
29
17
71
68
38
77
25
33
40
44
58
35
2
16
76
30
31
41
27
28
37
38
23
46
28
56
23
138
57
44
32
34
23
31
49
22
5
37
21
22
30
56
80
94
29
34
14
84
35
40
32
25
30
31
33
15
29
16
45
48
15
57
32
38
42
11
79
3
19
31
143
168
32
40
27
43
8
38
13
20
4
41
94
25
33
44
29
28
56
21
91
34
70
11
58
30
66
27
27
78
21
67
3
12
42
36
42
8
67
132
6
35
15
32
122
32
41
41
21
45
48
22
19
41
55
67
70
26
13
46
122
49
44
15
73
24
65
29
40
15
32
32
41
60
84
31
162
19
50
17
16
14
50
26
59
41
20
25
23
35
30
19
12
31
57
30
51
26
32
65
43
38
40
55
23
78
34
127
28
57
11
47
57
109
34
71
238
37
35
72
49
101
15
36
40
12
29
74
32
28
51
47
25
48
78
50
48
13
31
118
22
38
25
22
48
32
30
34
27
51
36
17
22
48
25
99
41
23
37
96
54
40
36
24
32
50
7
24
22
36
43
20
75
36
28
49
92
96
32
23
35
19
45
31
13
36
50
103
38
21
55
18
40
39
29
28
88
52
69
33
27
11
50
39
18
42
39
239
55
121
54
53
46
30
12
51
40
38
45
39
22
34
41
40
163
59
45
29
34
34
32
8
54
9
106
108
4
62
30
97
37
59
12
73
69
35
48
48
16
32
11
23
35
26
13
31
47
71
40
46
35
53
35
62
6
39
42
13
21
24
38
34
48
121
17
32
70
29
102
35
22
16
46
9
47
34
121
111
20
114
75
65
42
87
120
49
52
21
27
94
54
44
42
25
50
41
35
35
55
48
25
45
70
25
86
79
43
145
57
28
2
18
52
51
100
79
28
70
38
85
39
52
54
25
6
90
44
23
36
28
29
56
33
109
39
53
34
63
15
53
17
46
50
31
43
20
38
139
193
27
66
40
38
69
12
47
43
19
50
66
29
36
94
83
33
40
24
18
116
27
39
24
68
29
43
74
53
64
18
183
13
37
42
94
63
45
57
18
22
19
66
37
53
25
25
27
7
7
84
17
25
21
42
36
4
11
208
41
35
67
42
50
62
19
40
82
26
40
65
73
24
65
59
32
34
45
104
19
24
37
67
30
25
49
81
45
24
19
16
65
42
39
31
16
28
44
115
25
16
41
51
29
34
33
49
53
24
29
57
14
24
40
29
84
31
53
3
10
53
35
33
27
69
80
49
32
34
31
100
66
12
48
106
5
56
41
40
62
30
27
90
12
15
11
44
61
14
3
27
31
61
48
75
51
55
34
69
40
65
18
64
25
54
33
37
36
37
33
36
33
56
106
28
44
91
11
20
39
25
39
42
13
65
31
14
91
51
57
30
21
16
56
13
48
24
14
49
56
16
45
63
34
71
54
53
39
26
49
22
53
11
34
11
30
66
11
21
45
30
27
54
65
13
54
34
31
16
50
33
48
29
12
53
39
11
6
25
40
48
50
44
32
44
84
34
63
17
46
10
36
10
36
99
57
46
37
22
45
31
8
57
40
74
55
81
17
51
27
17
32
13
50
35
41
128
27
33
2
10
41
39
24
3
27
42
26
35
68
19
41
29
46
12
33
75
25
104
46
44
37
34
70
53
42
70
45
12
19
55
29
17
6
34
81
83
34
12
30
14
19
61
12
16
5
44
49
57
21
10
53
54
38
23
23
36
85
57
15
40
144
13
9
11
12
24
29
58
25
21
16
29
17
37
202
4
32
62
6
52
30
257
20
51
11
6
49
20
41
45
35
35
19
37
36
55
176
21
67
40
50
16
55
7
25
9
58
57
38
30
56
50
44
15
23
33
60
46
36
24
19
41
19
40
14
11
13
33
15
14
11
43
60
45
2
40
40
57
5
29
117
30
35
82
25
10
34
46
26
19
27
11
30
48
16
12
57
18
23
13
21
16
16
7
12
35
38
28
28
71
56
35
37
62
25
19
20
40
22
35
40
26
43
74
29
17
28
9
17
25
6
38
36
16
22
125
32
29
28
15
18
119
14
23
53
88
56
47
78
23
26
19
22
52
37
101
70
32
42
28
42
13
21
36
17
43
20
27
62
29
60
35
36
73
30
35
25
32
33
26
39
40
31
62
17
68
30
32
23
40
109
68
48
50
41
41
30
52
36
31
5
29
31
121
33
23
60
22
39
57
55
90
11
41
59
41
35
40
28
27
67
73
38
72
24
55
32
39
10
32
42
30
31
20
36
32
67
4
11
50
53
34
32
16
19
41
46
16
37
57
37
43
28
12
36
24
20
27
44
73
13
52
40
33
83
11
19
59
25
71
46
22
11
52
24
22
52
12
31
77
119
32
12
18
23
15
38
5
38
12
23
48
27
141
12
47
14
38
56
96
37
5
22
67
13
49
78
25
37
35
55
71
40
39
22
30
15
31
77
91
17
25
32
68
41
44
19
28
44
71
182
43
16
137
34
29
23
17
38
75
24
65
28
65
71
23
3
54
62
40
46
19
21
37
15
79
26
81
38
56
34
60
40
31
31
16
107
70
45
74
31
16
15
44
162
27
14
51
19
15
125
25
44
71
36
40
51
17
24
41
37
10
175
16
38
26
19
65
12
58
12
55
17
29
38
18
63
62
27
58
41
75
36
33
57
49
56
45
70
112
43
100
14
51
21
56
39
16
50
53
50
2
23
31
86
51
38
12
125
25
29
25
5
32
53
24
97
25
22
9
48
156
11
8
3
38
20
49
41
69
22
35
40
58
8
29
36
36
27
58
67
43
37
26
22
22
18
27
34
11
38
9
14
81
43
79
48
72
110
73
44
19
14
21
60
19
17
47
26
79
13
32
55
29
47
50
43
35
61
44
29
268
73
75
51
31
54
16
52
64
18
59
47
132
31
32
58
24
75
32
25
37
87
36
28
3
7
68
127
32
51
72
45
61
28
50
13
84
12
14
25
20
40
14
21
21
102
40
66
74
33
11
38
28
36
39
58
41
42
161
31
108
28
33
114
43
92
29
72
139
58
45
21
69
91
53
23
9
56
46
76
57
16
0
22
104
36
35
12
34
30
30
37
48
34
51
50
69
86
45
15
63
26
65
23
27
20
45
18
15
71
35
43
9
37
57
76
36
34
57
84
17
19
51
24
53
42
57
110
90
89
26
33
169
19
91
32
12
52
22
29
80
40
16
39
31
65
62
26
15
41
43
39
47
35
62
32
103
3
12
48
25
38
52
69
48
41
88
23
60
59
31
17
86
23
34
22
37
49
12
27
21
50
92
34
27
13
54
51
31
24
51
55
2
23
6
43
58
29
55
52
31
25
20
18
28
157
28
13
43
40
19
26
153
18
52
49
48
68
24
19
37
38
149
39
70
117
79
85
41
70
32
32
34
32
60
17
14
34
24
192
18
44
48
33
40
54
38
13
42
51
22
17
21
23
105
29
142
43
20
27
25
46
11
13
34
57
61
42
27
2
30
21
60
26
21
26
77
56
143
89
38
32
40
24
32
31
28
52
39
44
47
12
88
19
24
14
127
26
43
28
42
20
33
25
28
32
36
36
208
26
80
40
26
34
13
26
15
44
50
113
30
51
25
116
48
71
52
11
22
46
11
35
21
70
46
26
57
28
43
13
50
34
24
25
24
22
35
123
24
48
24
44
50
32
100
120
29
62
56
22
12
51
35
97
12
107
6
28
13
54
54
52
49
30
47
50
19
30
5
34
22
23
8
38
40
55
36
62
58
15
89
70
60
31
20
29
26
41
23
78
54
41
103
56
69
30
36
23
44
49
86
36
21
19
16
87
28
51
42
77
42
149
53
69
22
44
52
24
43
52
118
24
21
6
15
46
53
28
22
38
36
129
214
12
130
9
44
31
50
38
14
74
40
48
62
30
100
44
25
60
50
12
57
36
79
15
78
28
37
40
12
51
40
48
18
32
19
17
16
60
30
53
32
76
41
73
42
6
30
34
68
21
23
10
29
46
31
13
45
8
13
67
119
87
33
34
18
46
58
51
11
14
35
11
15
12
26
25
44
10
52
24
35
20
44
41
19
113
66
110
20
37
47
55
11
44
29
61
39
206
48
26
60
0
61
25
17
5
24
13
33
18
69
13
74
56
23
34
11
29
47
78
48
35
86
35
5
4
11
95
23
37
10
128
32
26
32
23
76
27
50
55
91
37
25
43
49
26
19
106
33
50
4
41
22
69
31
60
18
25
62
24
19
79
14
60
29
77
89
40
41
22
38
20
22
54
68
46
25
38
22
21
37
30
47
45
80
24
10
58
30
63
51
51
32
13
47
42
191
10
98
0
56
70
40
56
95
16
101
40
27
14
12
10
26
37
48
27
21
51
101
28
33
54
54
39
117
30
7
13
36
24
35
58
27
28
110
31
26
72
69
60
21
41
87
25
57
17
39
96
63
28
40
64
23
59
29
18
78
3
45
20
58
24
46
39
7
73
34
23
20
20
55
10
57
68
32
49
44
43
23
66
114
23
41
39
55
55
34
71
59
57
22
44
32
32
23
37
51
46
71
23
33
71
36
150
43
36
39
29
27
29
73
48
17
30
11
38
34
60
46
42
76
183
28
20
91
28
32
47
33
22
34
48
34
11
38
47
39
30
29
38
55
14
57
21
18
58
54
19
83
2
38
63
29
25
47
178
4
15
97
34
35
43
33
21
35
40
61
37
11
18
53
4
39
69
173
30
21
209
35
12
24
18
30
39
16
29
33
61
37
29
68
14
45
25
50
31
24
31
48
31
74
19
71
32
114
28
36
83
24
48
19
41
62
31
37
18
29
117
42
13
34
30
87
35
35
21
26
70
17
69
29
50
19
20
19
8
19
48
85
22
18
29
15
21
54
53
100
17
38
21
26
122
33
26
59
101
101
22
33
19
20
46
20
58
13
44
39
53
73
49
16
54
33
44
31
25
120
13
29
45
10
108
49
48
43
52
48
80
32
47
24
35
29
19
20
45
84
45
49
35
17
11
17
35
99
27
35
35
36
3
84
75
26
33
34
37
40
40
38
31
57
90
32
76
30
21
65
54
49
24
23
12
101
75
87
27
71
67
66
44
31
19
30
80
25
3
13
58
27
69
73
76
3
42
2
35
66
36
60
51
16
24
39
35
24
29
29
41
61
17
52
44
46
2
28
24
42
47
117
14
20
35
46
28
14
83
68
21
31
28
11
85
12
65
49
26
11
78
38
28
52
30
30
74
32
66
45
47
25
20
55
7
24
46
25
82
104
27
25
38
48
11
21
54
44
45
30
83
15
60
23
54
49
16
53
40
29
35
19
21
36
42
54
43
26
32
39
33
103
89
27
62
39
39
27
36
46
50
52
11
108
21
32
79
36
102
21
38
53
29
20
43
17
22
81
17
30
27
14
65
51
59
43
18
30
40
36
98
81
68
31
67
57
10
41
45
32
34
58
41
63
16
28
37
45
51
31
24
37
69
41
30
23
47
38
6
28
24
61
33
59
17
12
22
52
50
27
23
70
47
92
73
63
10
43
24
67
10
39
19
27
39
32
30
165
42
19
13
76
7
24
29
176
20
85
45
28
28
7
16
35
20
38
58
11
13
73
39
24
50
42
20
34
17
11
71
119
74
23
181
49
176
44
38
34
46
19
75
20
52
11
33
15
35
27
28
51
2
60
83
31
43
34
52
87
48
27
24
20
38
28
34
57
15
17
4
37
28
43
55
46
19
46
76
35
22
23
53
24
31
24
27
12
127
64
23
34
98
109
22
24
30
6
50
38
77
40
93
107
34
47
11
6
38
27
64
13
38
24
10
28
50
3
59
46
48
72
25
51
59
63
20
14
53
0
23
36
41
11
43
34
35
47
66
3
52
40
7
119
32
15
34
32
24
66
74
45
61
126
17
58
14
38
134
31
22
21
43
20
20
119
23
32
28
10
35
23
72
74
45
35
63
46
37
14
34
28
85
10
49
19
48
17
29
52
5
17
22
43
11
77
64
41
38
66
17
28
50
29
42
17
61
23
33
55
37
48
61
58
30
26
18
70
2
67
46
3
22
22
36
67
72
41
9
11
98
22
59
17
58
73
44
35
26
35
38
26
18
38
14
86
28
2
27
44
16
67
83
21
64
23
27
25
34
29
11
41
12
45
19
49
14
24
62
16
11
30
46
17
9
49
238
39
17
43
32
15
35
79
87
4
21
32
86
20
65
0
32
55
8
13
36
32
24
35
16
19
44
73
47
44
19
15
13
18
38
189
80
155
49
32
25
93
48
42
17
64
18
15
20
56
53
45
34
46
0
65
101
15
53
81
92
24
26
31
75
18
32
79
10
18
81
40
36
17
43
60
119
13
21
79
33
30
64
130
5
58
88
20
46
21
54
32
70
23
31
18
68
17
23
9
45
111
34
27
15
17
64
29
18
14
56
34
63
36
45
31
27
49
101
48
31
120
92
156
45
2
55
223
48
25
37
52
30
27
15
26
31
26
87
13
41
63
55
65
3
91
53
47
22
39
34
24
40
22
13
94
46
16
88
57
43
41
45
70
24
31
16
60
61
39
2
38
34
85
84
29
26
56
34
26
40
68
8
39
83
10
41
66
9
51
15
80
22
11
40
83
43
85
36
42
23
37
21
30
63
90
38
190
29
47
112
34
28
28
22
23
6
61
47
84
25
31
19
80
19
49
8
18
33
6
20
11
35
28
22
19
137
34
37
39
63
22
32
59
123
177
35
89
46
118
56
30
23
25
20
37
66
58
2
14
42
45
13
6
9
39
47
10
55
36
20
72
27
16
62
50
51
15
12
14
114
40
12
8
28
48
30
16
40
11
61
18
39
15
38
11
59
21
33
31
10
67
37
33
14
10
9
25
74
40
124
40
23
3
11
14
78
53
22
40
17
47
37
40
63
29
136
42
33
46
63
56
106
43
58
38
110
23
23
31
32
34
79
15
19
36
14
30
125
20
17
61
48
97
11
37
3
29
11
63
18
59
68
42
40
13
27
78
29
25
6
23
27
26
44
17
92
53
64
4
77
32
52
43
67
32
27
30
10
21
276
84
63
59
13
41
11
47
32
68
28
79
43
43
7
11
83
14
75
37
29
34
40
18
60
20
39
49
79
55
79
19
71
16
29
38
37
57
34
42
49
149
26
17
4
78
48
75
50
98
24
25
28
31
18
21
13
53
24
31
62
42
95
11
71
53
21
84
25
31
20
44
125
30
55
38
67
43
51
50
34
138
59
59
33
65
25
53
42
48
69
42
33
38
30
34
57
23
69
65
49
66
22
21
18
78
99
31
36
66
57
12
15
38
26
38
30
33
28
83
44
19
28
33
38
15
45
26
24
37
35
28
39
25
123
27
69
9
11
36
55
44
33
31
26
50
35
32
42
34
89
8
52
59
64
109
22
16
22
91
16
52
28
30
63
53
18
46
15
34
15
118
39
28
56
24
37
49
2
39
41
75
41
92
81
30
101
31
49
41
57
44
37
63
16
55
70
40
14
33
37
39
43
123
47
67
43
47
25
54
93
76
63
31
23
36
44
25
57
46
86
43
58
34
27
32
36
37
65
15
34
35
40
18
33
18
48
30
64
72
16
149
40
38
44
15
21
57
59
46
42
29
10
52
53
40
18
89
22
110
25
51
16
13
15
45
17
109
12
121
25
47
15
26
33
38
37
41
46
134
300
37
59
134
51
34
35
53
31
84
29
23
63
98
36
39
30
29
35
193
35
28
29
82
38
24
72
112
24
87
6
101
38
121
36
85
38
51
24
53
79
95
23
56
41
40
19
27
43
6
42
60
48
37
4
25
12
43
160
22
30
46
51
73
28
17
24
41
28
30
48
148
18
34
27
45
39
8
23
28
38
30
27
22
34
27
16
41
17
41
49
24
40
91
24
17
17
20
85
118
16
32
44
34
12
26
37
63
63
51
24
65
76
31
25
48
56
14
25
3
38
47
35
13
65
14
40
27
13
62
141
68
104
57
12
39
38
12
41
10
24
24
118
54
50
86
18
29
37
58
20
19
25
43
119
61
14
162
40
49
26
113
70
29
58
25
43
70
29
31
16
11
35
16
22
45
155
47
50
49
27
81
58
34
31
74
76
35
51
19
36
66
34
21
199
38
38
22
14
12
71
29
19
16
43
27
45
95
14
40
42
16
10
19
31
26
45
35
18
57
30
25
43
38
15
52
30
51
15
162
52
29
2
37
19
35
93
47
40
40
51
55
12
16
70
11
20
44
40
31
75
176
71
19
21
26
49
11
19
23
28
85
17
53
57
12
27
59
13
17
54
42
4
18
77
31
83
58
4
31
120
33
37
27
4
73
14
61
16
37
22
65
30
50
22
32
40
8
25
81
13
44
17
71
4
18
69
95
77
26
64
44
29
72
73
30
34
37
66
19
19
42
22
81
95
28
61
27
20
82
21
14
23
34
26
47
4
86
115
101
29
68
31
48
34
4
62
61
8
55
41
23
26
37
37
35
14
17
46
39
22
70
88
31
22
43
67
9
25
32
18
56
52
32
41
51
19
32
38
92
60
67
163
65
26
46
90
29
9
16
49
31
24
39
16
87
102
137
69
104
35
21
34
34
56
24
34
10
83
20
31
104
8
17
14
84
44
47
80
21
55
31
32
42
117
14
90
18
35
13
60
12
30
55
36
30
28
54
60
53
210
79
162
10
56
61
41
22
31
23
86
47
9
41
105
54
14
28
52
2
40
44
17
32
29
26
72
12
38
21
66
40
40
32
17
19
28
19
16
91
18
42
22
71
73
106
44
100
30
26
11
29
68
21
67
174
20
91
38
37
52
45
41
50
27
49
47
58
123
47
45
47
24
15
49
89
53
18
17
51
106
16
40
85
26
46
88
54
36
105
17
38
90
23
36
185
39
65
61
7
26
19
19
59
17
187
48
24
32
30
13
49
26
23
33
33
51
12
66
23
110
25
42
42
17
60
23
93
48
5
20
45
74
34
100
64
22
47
21
14
40
138
23
54
55
26
84
38
42
24
28
12
18
74
34
30
14
16
23
22
49
167
19
20
35
35
39
47
49
25
19
34
40
9
22
25
33
59
20
48
45
49
40
55
48
37
39
34
95
148
51
30
47
42
25
70
71
20
43
58
53
22
0
38
38
45
9
2
132
31
32
40
32
37
32
31
43
43
32
41
51
87
141
38
41
13
26
6
16
56
21
56
79
15
91
43
64
29
23
24
12
38
20
33
84
51
13
74
46
22
46
51
58
54
75
29
11
64
22
20
4
59
59
61
102
45
78
97
13
40
20
28
53
20
56
46
15
22
21
38
3
20
34
32
30
102
45
23
34
20
19
26
76
20
44
30
28
126
84
26
71
21
11
22
40
30
36
74
23
7
22
26
73
26
28
63
33
66
14
66
38
28
43
43
65
50
24
43
13
89
52
55
35
45
2
8
36
24
37
30
14
29
10
19
78
17
65
49
45
43
25
62
45
10
21
59
3
34
63
75
43
31
47
68
29
18
15
3
33
124
12
69
95
17
25
35
34
98
40
47
29
13
12
58
58
35
48
9
77
51
19
24
38
58
3
20
73
45
14
10
39
57
28
55
22
24
76
25
51
41
6
92
45
61
118
34
67
85
17
46
41
11
18
37
27
27
29
43
53
54
43
65
15
5
63
8
51
41
42
40
18
49
17
40
56
7
15
66
36
20
27
58
20
35
41
59
28
17
28
66
36
23
90
25
83
37
56
95
64
49
93
89
55
42
4
115
53
54
18
32
24
25
72
56
44
25
38
52
51
11
64
25
29
69
58
99
36
71
21
42
26
34
16
29
19
14
38
55
46
23
33
47
2
40
44
101
48
41
11
56
28
108
41
40
28
26
179
44
52
11
32
71
121
0
28
29
57
59
34
44
30
29
41
38
32
57
27
61
20
22
46
25
4
33
41
14
21
46
32
55
47
86
12
106
39
81
10
25
38
53
84
98
20
50
104
16
39
20
26
10
39
27
44
22
9
22
34
55
11
28
21
54
55
91
42
36
41
28
35
43
44
25
36
122
13
10
14
43
79
14
11
37
44
81
48
9
27
49
28
43
15
10
51
23
13
26
38
32
51
40
37
38
65
172
13
40
28
39
73
12
58
14
66
38
40
14
23
155
18
120
48
69
79
39
20
29
27
44
37
37
14
25
20
9
15
17
35
23
88
32
19
33
35
30
38
37
35
11
69
41
16
74
17
37
65
34
78
145
24
87
23
26
119
44
34
52
25
79
26
37
33
38
38
23
83
35
22
64
44
23
33
17
17
4
28
45
33
54
68
35
24
30
37
64
70
72
22
42
46
46
36
52
23
36
76
15
12
54
26
19
40
32
24
42
66
39
55
39
19
37
14
53
14
114
44
44
44
33
10
81
10
115
27
35
22
48
10
50
11
16
15
33
33
37
2
16
13
51
36
112
17
58
19
100
99
15
14
27
27
26
55
63
26
27
23
37
25
45
17
69
32
31
18
72
15
50
27
26
52
19
35
39
71
5
57
32
83
24
2
28
38
15
46
17
10
37
81
23
39
40
27
3
11
60
17
49
35
24
20
42
70
41
24
99
84
29
53
19
42
58
34
23
73
47
44
30
31
43
41
49
17
22
33
21
52
41
28
60
52
19
80
80
40
22
10
18
45
61
66
10
33
37
24
67
31
79
23
21
50
39
8
40
23
164
156
43
60
36
33
31
14
64
77
17
16
83
54
43
35
53
69
11
47
42
35
33
92
61
36
35
21
47
38
37
19
111
34
7
43
58
47
11
46
14
35
21
51
24
44
67
32
42
70
70
13
65
30
162
54
109
22
24
39
123
34
53
54
22
25
43
68
28
74
29
71
32
38
10
11
114
42
71
23
130
9
37
43
21
32
30
6
18
72
72
14
53
56
13
17
46
34
53
19
27
12
42
17
19
51
4
28
24
18
86
27
14
35
64
28
8
55
25
40
31
51
60
15
52
11
45
31
50
30
32
29
20
37
37
22
37
28
41
89
30
21
35
32
21
96
62
16
38
16
41
37
66
14
2
11
18
60
92
37
17
115
53
12
46
16
45
62
41
0
13
49
69
38
18
47
58
17
65
23
30
35
53
8
66
102
35
19
57
52
35
41
45
31
70
39
20
21
49
14
51
13
36
40
9
40
26
15
48
49
30
54
8
30
73
38
39
85
48
59
11
9
41
18
55
21
57
75
66
0
40
41
50
39
31
19
40
45
26
21
10
26
65
37
17
66
49
29
10
0
25
33
44
11
36
56
14
40
100
27
110
18
43
47
52
41
76
53
30
22
22
50
35
129
56
12
39
42
18
16
19
27
42
14
75
22
29
31
50
22
56
11
27
30
68
68
12
87
13
60
80
27
31
13
79
56
73
48
40
17
29
39
39
30
24
231
42
34
234
8
49
51
55
49
65
37
20
36
76
23
18
62
25
55
106
40
34
50
53
39
121
93
107
19
78
86
45
71
8
12
30
48
14
22
25
16
12
112
67
6
26
38
47
32
17
20
35
23
72
50
32
23
40
28
41
15
22
24
41
21
52
111
60
7
8
139
52
41
17
44
65
77
63
52
107
8
24
18
28
48
30
36
78
59
22
44
46
8
55
31
38
65
33
74
30
34
19
0
77
38
29
18
9
30
28
98
80
68
82
32
46
46
94
66
53
82
56
165
45
4
31
21
56
46
30
57
41
62
22
36
68
40
48
3
23
65
18
38
40
34
51
14
19
65
225
9
46
50
60
67
43
56
11
30
26
13
35
47
47
31
19
35
11
49
43
10
40
15
65
47
42
55
24
5
51
20
47
79
8
17
33
69
16
11
62
49
31
32
120
29
64
47
27
34
65
101
58
32
26
42
53
19
56
36
34
48
23
53
69
34
29
47
51
80
44
6
65
42
44
132
76
22
64
56
23
62
29
88
114
31
28
73
79
27
4
60
27
11
36
23
65
53
30
55
37
28
34
55
89
27
51
22
43
87
52
97
83
20
25
31
40
44
29
67
87
28
25
7
35
24
53
66
55
26
26
37
14
18
50
33
31
55
15
17
72
35
41
40
54
35
4
28
5
19
49
22
24
23
29
40
38
6
13
12
16
20
41
28
139
16
31
26
62
16
41
27
28
57
17
37
101
104
38
32
47
45
26
27
39
13
19
5
7
20
46
62
46
60
40
47
20
3
96
57
29
13
50
23
66
32
28
86
60
43
55
66
56
35
26
10
11
47
48
137
23
22
78
40
101
172
30
27
54
26
12
58
33
41
59
44
21
23
21
55
292
56
30
35
33
64
43
58
50
56
107
55
49
53
16
19
35
3
17
45
29
88
27
7
87
139
17
31
46
98
36
4
25
27
11
34
17
53
18
249
32
33
30
21
61
33
54
12
5
45
46
89
116
19
21
58
79
28
51
57
53
7
28
54
32
12
66
48
27
12
35
20
50
32
58
30
25
59
26
52
80
19
44
25
23
19
107
13
50
20
40
79
47
40
129
16
121
18
90
34
41
47
49
27
27
47
34
56
35
36
29
20
41
79
25
19
30
57
33
52
12
21
4
10
65
17
27
24
30
65
36
50
18
11
22
14
13
36
47
89
52
26
25
74
3
33
39
8
86
68
25
20
31
17
17
44
44
21
11
18
32
57
27
43
35
29
17
47
30
32
22
25
17
72
30
43
30
41
26
38
25
57
42
75
34
31
10
72
38
46
45
41
31
3
22
49
56
0
28
44
43
11
24
19
34
