49474
481
446
481
473
458
481
447
486
468
478
467
490
471
482
457
491
483
473
497
459
481
471
488
476
486
462
484
454
477
478
501
476
500
493
486
503
483
500
473
497
462
485
474
500
492
493
461
484
490
461
491
470
487
429
502
468
482
455
501
459
481
465
482
497
471
488
455
483
475
497
475
486
435
482
467
496
468
491
472
472
494
473
496
443
499
479
487
472
500
476
480
457
490
457
486
473
439
494
470
470
452
491
460
485
466
494
446
487
471
498
445
502
486
504
494
464
507
443
505
462
494
482
496
464
490
450
514
504
452
505
459
489
475
491
459
479
455
495
460
492
472
489
460
468
497
477
478
477
469
490
494
464
483
473
473
462
487
462
485
507
458
469
472
496
454
489
456
491
456
480
460
476
459
493
477
480
496
460
507
462
500
488
508
459
490
466
498
463
490
455
489
502
468
490
458
506
453
495
470
490
453
484
463
509
466
492
473
518
504
471
503
474
496
462
500
466
487
470
494
463
493
468
481
464
472
496
465
486
453
501
466
492
470
481
442
490
469
500
466
487
476
487
491
459
496
472
497
456
496
474
499
485
483
465
494
489
463
492
471
490
469
482
463
480
459
480
446
483
477
487
480
486
484
470
502
460
498
467
493
466
481
463
504
461
503
470
479
491
457
485
472
474
454
516
473
474
471
488
495
499
461
486
472
510
479
463
492
451
499
475
485
450
488
479
483
459
