444840
4830
4763
4807
4787
4801
4830
4790
4841
4787
4870
4808
4842
4807
4861
4845
4852
4876
4830
4864
4798
4802
4821
4797
4818
4841
4863
4816
4792
4805
4824
4818
4774
4799
4803
4873
4830
4767
4857
4837
4854
4797
4814
4861
4854
4861
4840
4840
4843
4745
4815
4846
4805
4802
4782
4798
4792
4828
4812
4766
4833
4842
4798
4810
4844
4823
4794
4854
4829
4832
4804
4798
4778
4831
4796
4812
4828
4805
4791
4797
4891
4843
4805
4817
4829
4802
4816
4832
4833
4893
4850
4881
4848
4804
4864
4865
4893
4759
4830
4828
4816
4868
4867
4829
4832
4764
4815
4831
4826
4783
4807
4805
4841
4793
4789
4818
4830
4817
4797
4792
4836
4834
4802
4804
4843
4784
4817
4768
4816
4789
4764
4882
4714
4813
4841
4823
4828
4776
4736
4826
4867
4751
4731
4787
4789
4798
4761
4838
4790
4779
4788
4785
4848
4790
4795
4775
4839
4792
4850
4795
4811
4804
4780
4792
4825
4740
4802
4829
4812
4779
4843
4886
4809
4804
4832
4793
4808
4801
4805
4793
4762
4745
4847
4819
4866
4809
4815
4818
4764
4841
4747
4761
4924
4743
4786
4841
4762
4764
4791
4761
4752
4748
4767
4730
4851
4827
4840
4815
4797
4745
4772
4771
4770
4774
4813
4804
4737
4797
4860
4792
4780
4806
4766
4746
4772
4794
4774
4819
4807
4778
4777
4802
4816
4819
4838
4763
4804
4769
4827
4768
4836
4812
4873
4845
4868
4801
4817
4801
4758
4816
4793
4744
4774
4819
4773
4794
4779
4743
4817
4788
4814
4762
4798
4827
4813
4825
4854
4711
4807
4792
4832
4773
4766
4780
4773
4781
4804
4786
4852
4762
4776
4798
4794
4856
4755
4778
4798
4783
4864
4768
4830
4819
4859
4783
4835
4816
4793
4859
4764
4785
4781
