485057
5015
5088
5064
5050
5081
5099
5053
5115
5110
5079
5057
5076
5110
5134
5089
5058
5132
5092
5089
5061
5021
5090
5141
5047
5100
5028
5007
5062
5088
5150
5066
5053
5069
5058
5049
4985
4955
5088
5072
5058
5028
5097
5027
5059
5033
5035
5088
5077
5049
5062
5020
5067
5073
5074
5017
5034
5090
5047
5105
5029
5053
5076
5163
5110
5086
5032
5058
5068
5059
5067
5051
5031
5094
5071
5058
5045
5096
5077
5066
5124
5037
5018
5070
5114
5092
5032
5022
5045
5078
5088
5142
5064
5123
5023
5094
5100
5064
5005
5132
5120
5066
5098
5096
5010
5080
5087
5037
5029
5079
5049
5019
5083
5152
5144
5135
5073
5095
4995
5096
5061
5119
5019
5031
5111
5082
4993
5077
5093
5091
5018
5208
5069
5110
5049
5046
5059
5031
5088
5122
5095
5000
5071
5061
5100
5038
5059
5146
5053
5060
5100
5098
5073
5041
5067
5049
5097
5073
5051
5091
5082
5014
5020
5137
5061
5076
5055
5080
5047
5098
5126
5138
5132
5054
5002
5070
5114
5079
5058
5093
5070
5061
5074
5042
5078
5083
5052
5059
5094
5038
5091
5067
5085
5008
5066
5102
5077
5064
5121
5068
5107
5067
5060
5103
5140
5054
5085
5075
5090
5060
5082
5078
5017
5057
5034
5050
5072
5041
5048
5018
5155
5100
5113
5075
5082
5054
5026
5116
5086
5082
5038
5106
5055
5021
5077
4992
5125
5017
5085
5073
5058
5083
5048
5065
4982
5072
5036
5089
5018
5037
4985
5040
5146
5036
5101
5016
5069
5079
5079
5030
5010
4952
5024
4990
4991
5050
5008
5003
5047
5044
5054
5053
5087
4965
5044
5054
5111
5100
5128
5053
5091
4984
5059
4967
5063
5050
5023
5042
5045
5044
5097
5105
5086
5087
5070
5000
5087
5087
5049
5054
5070
