5214
5205
5243
5224
5206
5342
5280
5196
5329
5271
5274
5206
5276
5311
5324
5306
5295
5229
5201
5345
5216
5231
5205
5243
5224
5206
5342
5280
5196
5329
5271
5274
5206
5276
5311
5324
5306
5295
5229
5201
5345
5216
5231
5312
5228
5208
5217
5232
5260
5270
5201
5340
5318
5295
5268
5307
5196
5324
5259
5323
5200
5270
5260
5276
5221
5224
5266
5216
5238
5223
5261
5238
5279
5284
5282
5302
5206
5293
5256
5274
5239
5348
5187
5259
5301
5196
5278
5310
5334
5277
5204
5215
5331
5303
5220
5259
5223
5293
5276
5221
5318
5289
5304
5280
5273
5360
5276
5237
5220
5312
5278
5265
5248
5283
5205
5283
5361
5286
5244
5357
5277
5317
5325
5265
5244
5250
5200
5288
5326
5219
5230
5221
5186
5239
5213
5270
5246
5248
5259
5285
5182
5227
5241
5145
5213
5193
5241
5204
5246
5243
5250
5264
5259
5150
5218
5294
5206
5266
5230
5237
5244
5278
5249
5197
5358
5248
5277
5305
5246
5220
5240
5240
5214
5165
5216
5288
5231
5239
5171
5209
5265
5278
5275
5235
5223
5312
5240
5298
5254
5162
5231
5256
5168
5203
5252
5262
5218
5308
5216
5288
5238
5300
5235
5207
5268
5203
5260
5239
5253
5257
5136
5274
5341
5267
5273
5298
5277
5309
5180
5146
5269
5275
5260
5240
5283
5288
5245
5256
5255
5223
5188
5238
5242
5237
5228
5313
5288
5223
5265
5219
5277
5274
5228
5266
5145
5205
5232
5277
5209
5250
5260
5273
5249
5216
5261
5218
5216
5227
5191
5265
5256
5249
5192
5294
5256
5323
5213
5185
5193
5111
5254
5125
5217
5226
5196
5223
5339
5291
5273
5234
5256
5279
5186
5296
5268
5237
5293
5328
5223
5267
5239
5122
5267
5248
5241
5278
5169
5236
5237
5275
5244
5265
5250
5226
5155
5303
5242
5142
5182
5238
5267
5212
5171
5233
5213
5231
5283
5179
5225
5155
5207
5217
5229
5204
5231
5147
5220
5234
5294
5179
5238
5172
5171
5175
5166
5165
5164
5235
5179
5191
5245
5163
5230
5190
