5658
5620
5686
5616
5588
5563
5684
5572
5518
5542
5517
5565
5562
5497
5553
5530
5593
5533
5558
5525
5371
5610
5559
5556
5506
5509
5569
5518
5542
5492
5483
5588
5607
5512
5603
5509
5512
5585
5580
5629
5674
5666
5543
5556
5494
5559
5493
5544
5486
5504
5528
5568
5497
5593
5574
5548
5477
5521
5476
5473
5606
5477
5481
5588
5563
5559
5550
5512
5551
5475
5546
5548
5534
5588
5530
5493
5581
5460
5495
5444
5621
5565
5535
5614
5427
5447
5504
5436
5463
5541
5558
5429
5581
5520
5488
5523
5620
5597
5526
5476
5497
5505
5606
5648
5520
5575
5525
5569
5603
5487
5520
5604
5549
5499
5539
5541
5629
5562
5571
5516
5526
5596
5510
5523
5633
5453
5486
5470
5626
5599
5592
5509
5495
5555
5643
5552
5588
5486
5451
5584
5562
5680
5544
5583
5588
5447
5454
5531
5480
5469
5512
5612
5554
5502
5482
5548
5516
5502
5592
5599
5599
5520
5506
5597
5463
5495
5571
5533
5542
5498
5525
5652
5574
5506
5509
5583
5497
5545
5620
5543
5479
5590
5523
5582
5576
5599
5582
5528
5512
5445
5581
5549
5559
5530
5496
5660
5638
5640
5651
5521
5513
5523
5483
5454
5536
5440
5510
5475
5498
5493
5546
5606
5534
5512
5595
5488
5461
5505
5496
5459
5466
5482
5580
5503
5471
5538
5480
5466
5511
5404
5488
5493
5517
5525
5478
5482
5465
5475
5524
5395
5504
5509
5524
5452
5444
5608
5590
5540
5542
5642
5545
5430
5566
5497
5450
5504
5534
5570
5536
5528
5456
5441
5564
5570
5533
5463
5548
5513
5535
5548
5596
5543
5488
5440
5357
5410
5505
5565
5526
5414
5495
5503
5458
5560
5609
5542
5482
5416
5516
5580
5469
5559
5517
5502
5635
5382
5564
5567
5586
5533
5607
