5575
5889
5891
5969
5847
5824
5873
5846
5792
5871
5913
6006
5884
5882
5773
5872
5906
5837
5803
5756
5867
5808
5768
5869
5799
5867
5836
5808
5855
5848
5682
5701
5785
5714
5802
5916
5936
5906
5964
5773
5768
5847
5841
5789
5778
5744
5759
5835
5909
5824
5857
5879
5837
5819
5805
5813
5791
5803
5925
5912
5907
5806
5734
5870
5769
5964
5799
5814
5757
5843
5794
5779
5908
5910
5847
5834
5787
5754
5844
5790
5754
5691
5675
5670
5800
5814
5816
5689
5670
5643
5723
5735
5744
5718
5689
5719
5785
5818
5781
5793
5794
5776
5858
5866
5884
5909
5913
5839
5897
5970
6009
5951
5894
5782
5866
5780
5819
5914
5853
5823
5807
5792
5753
5857
5847
5715
5737
5744
5826
5741
5799
5861
5849
5834
5849
5790
5757
5710
5798
5709
5755
5652
5801
5868
5788
5681
5800
5845
5805
5705
5868
5909
5782
5858
5778
5839
5874
5733
5647
5690
5771
5828
5870
5852
5830
5831
5714
5731
5830
5837
5710
5704
5746
5746
5797
5775
5887
5825
5876
5893
5672
5882
5783
5762
5703
5703
5778
5850
5846
5852
5752
5756
5809
5724
5826
5871
5816
5781
5871
5864
5848
5860
5743
5771
5812
5847
5726
5846
5876
5932
5809
5868
5814
5791
5849
5746
5736
5775
5742
5786
5840
5846
5750
5875
5828
5783
5896
5813
5780
5763
5782
5823
5771
5815
5771
5833
5864
5875
5840
5781
5819
5635
5833
5772
5716
5770
5827
5721
5776
5870
5798
5742
5960
5832
5823
5972
5861
5942
5797
5830
5846
5789
5769
5716
5736
5809
5743
5800
5977
5891
5826
5721
5813
5834
5849
5842
5816
5823
5819
5895
5900
5880
5778
5750
5794
5947
5809
5764
5836
5729
5732
5716
5747
5725
5805
5755
5736
5818
5946
5803
5966
