56133
5983
6075
5992
6094
6056
6155
6113
6047
6058
6080
5996
6094
6125
6112
5933
5964
6039
5986
6148
6101
6142
5967
5930
6006
6044
6195
5999
6073
6155
6023
6031
6172
6013
6142
6108
5971
5958
6179
5929
5906
5960
6058
6022
6037
5990
6016
6006
6081
6086
6057
6128
6004
6027
6098
6030
6081
6207
5936
5999
5995
5966
6090
6026
6137
6107
6111
6126
6055
6107
6128
6092
6208
6146
5975
6081
6049
6153
6055
5997
6126
6070
6188
6102
6038
6096
6029
6083
6041
6073
6097
6187
6116
6059
6088
6139
6211
6051
6060
6077
6017
5986
6049
6184
6019
6069
6078
6137
6131
6087
5983
5998
6021
6025
6129
6078
6030
6112
6068
6022
5911
6000
5992
5971
6105
6080
6035
6126
6210
6034
6162
6220
6068
5950
6147
6052
6073
6058
6084
6067
6215
6131
6042
6105
6199
5896
6094
6068
5983
5853
6078
6057
5984
6089
5992
6002
6125
5962
6067
6144
6131
6008
6083
6138
6054
6011
6177
6067
6051
6144
6011
6153
6132
6314
6407
6158
6066
6062
6155
6136
5961
6075
6204
6071
6110
6163
6174
6131
6182
6170
6097
6037
6058
6009
6001
5969
5980
6045
6146
6097
6158
6117
6010
6062
6105
5994
6040
6146
6132
6051
6051
5989
6023
5968
6028
6033
6006
6150
6027
6026
6015
6178
6052
5901
6112
5996
5954
6104
6142
6011
5991
5984
6034
5944
6041
5963
6031
5992
6077
5920
6073
5998
6067
5978
5920
5920
6110
5972
5979
6006
5980
6095
6032
5979
5985
5976
5977
5818
5999
6070
5926
6121
6070
6104
6157
6108
5991
5881
6053
6081
6092
6091
6075
5974
6105
6150
6211
6133
6044
6079
6039
6195
6181
6056
6037
6044
5998
6144
6153
6124
6058
6044
6015
6042
6089
6050
6131
6144
6167
6112
6059
