6095590
5548
5576
5618
5429
5423
5494
5538
5479
5431
5474
5532
5435
5418
5472
5504
5490
5569
5455
5462
5517
5524
5620
5439
5470
5522
5491
5536
5521
5499
5508
5481
5532
5497
5509
5670
5432
5477
5686
5503
5454
5475
5508
5480
5694
5563
5505
5499
5466
5561
5516
5514
5489
5555
5531
5506
5510
5525
5653
5613
5522
5636
5667
5627
5640
5429
5397
5560
5559
5515
5637
5576
5501
5434
5539
5430
5484
5428
5498
5382
5507
5482
5474
5598
5538
5526
5517
5482
5602
5556
5605
5548
5630
5620
5626
5547
5601
5494
5477
5599
5535
5556
5488
5612
5577
5514
5482
5499
5596
5538
5567
5475
5604
5471
5573
5644
5523
5624
5586
5494
5452
5496
5534
5475
5620
5584
5668
5504
5582
5698
5709
5602
5671
5614
5678
5638
5437
5539
5449
5466
5534
5449
5602
5540
5566
5588
5504
5666
5481
5656
5567
5491
5507
5478
5456
5465
5511
5446
5560
5539
5538
5611
5612
5627
5494
5566
5642
5536
5718
5588
5670
5589
5574
5628
5464
5735
5685
5602
5475
5608
5623
5662
5568
5599
5531
5578
5528
5493
5656
5633
5630
5702
5534
5564
5649
5690
5671
5578
5609
5583
5456
5590
5637
5577
5608
5503
5577
5537
5548
5569
5617
5511
5545
5530
5651
5410
5596
5739
5694
5709
5695
5598
5668
5514
5562
5568
5443
5495
5525
5527
5532
5529
5516
5505
5557
5571
5633
5681
5662
5550
5694
5633
5520
5697
5698
5569
5622
5621
5574
5597
5610
5757
5648
5605
5606
5770
5704
5510
5603
5704
5661
5693
5740
5586
5592
5647
5791
5713
5752
5542
5688
5542
5612
5633
5745
5728
5750
5808
5823
5583
5707
5747
5756
5629
5592
5682
5581
5665
5824
5711
5789
5915
5749
5681
5692
5747
5793
5691
5793
5741
5659
