4343
4331
4359
4339
4336
4319
4355
4340
4332
4343
4325
4391
4366
4347
4337
4353
4325
4281
4308
4393
4334
4351
4378
4328
4372
4396
4377
4309
4385
4418
4319
4404
4349
4324
4313
4345
4370
4306
4367
4329
4326
4341
4328
4297
4298
4355
4344
4372
4356
4327
4304
4310
4325
4311
4401
4351
4333
4313
4335
4342
4379
4304
4369
4410
4367
4306
4326
4381
4372
4317
4337
4326
4361
4367
4337
4315
4372
4310
4387
4357
4413
4304
4361
4325
4353
4378
4371
4369
4352
4284
4332
4374
4350
4306
4309
4301
4383
4279
4305
4416
4284
4309
4408
4324
4303
4350
4323
4332
4386
4334
4287
4385
4371
4306
4300
4368
4310
4333
4373
4325
4317
4347
4350
4335
4267
4325
4346
4324
4363
4325
4335
4378
4339
4302
4331
4327
4305
4328
4273
4382
4362
4333
4306
4302
4318
4341
4330
4328
4368
4360
4327
4267
4358
4374
4351
4389
4349
4338
4374
4350
4413
4275
4307
4359
4309
4316
4267
4315
4358
4379
4351
4332
4430
4371
4335
4366
4380
4297
4323
4357
4346
4356
4297
4378
4380
4361
4331
4360
4352
4331
4385
4326
4396
4356
4327
4345
4309
4333
4348
4309
4370
4390
4329
4361
4374
4302
4310
4223
4345
4377
4334
4319
4314
4326
4358
4314
4357
4333
4340
4277
4304
4360
4273
4313
4367
4338
4294
4351
4332
4339
4312
4335
4360
4431
4325
4348
4365
4342
4345
4314
4396
4297
4404
4403
4256
4306
4422
4396
4327
4333
4320
4321
4391
4358
4327
4329
4384
4279
4319
4343
4366
4365
4414
4358
4350
4411
4366
4316
4396
4336
4328
4340
4343
4314
4329
4324
4316
4386
4366
4319
4289
4365
4344
4311
4362
4284
4360
4282
4309
4295
4285
4339
4340
4285
4324
4350
4362
4378
4302
4278
4352
